Time step	Uncertainty	Uncertainty	Uncertainty	Uncertainty	Uncertainty	Uncertainty	Uncertainty
	dynamic	f=36	f=30	f=24	f=18	f=15	f=12
1	0.99727	0.981218	0.974249	0.966889	0.971784	0.982651	0.997317
2	0.988663	0.966456	0.953961	0.942673	0.951017	0.970916	0.995966
3	0.977372	0.953355	0.936779	0.922175	0.93167	0.959368	0.994868
4	0.963185	0.941445	0.922198	0.905703	0.914678	0.948186	0.993941
5	0.947177	0.930863	0.90996	0.892219	0.89911	0.937097	0.993044
6	0.930617	0.921121	0.899009	0.881321	0.885337	0.926584	0.992225
7	0.913748	0.912291	0.889476	0.871762	0.87302	0.916037	0.991258
8	0.897432	0.904139	0.881173	0.863243	0.861958	0.906168	0.990444
9	0.882544	0.89647	0.873557	0.855361	0.851959	0.896862	0.989583
10	0.868161	0.889125	0.865863	0.84779	0.84267	0.887897	0.988818
11	0.854989	0.882173	0.858725	0.840679	0.833613	0.878784	0.988118
12	0.842777	0.875435	0.85186	0.833683	0.825054	0.870625	0.987291
13	0.832045	0.868726	0.845118	0.826926	0.817232	0.862428	0.98652
14	0.822067	0.862079	0.838416	0.820068	0.809781	0.854588	0.985681
15	0.812567	0.855332	0.831566	0.813354	0.802431	0.846874	0.984841
16	0.803279	0.848688	0.825207	0.806439	0.795808	0.839328	0.984156
17	0.794638	0.841776	0.818712	0.799453	0.789278	0.832228	0.983407
18	0.786774	0.835252	0.811979	0.792465	0.78292	0.825359	0.982678
19	0.778882	0.828949	0.805769	0.785112	0.776735	0.818701	0.981886
20	0.771141	0.822784	0.799608	0.77806	0.770663	0.812086	0.981186
21	0.763838	0.816524	0.793179	0.771428	0.764608	0.8056	0.98043
22	0.756951	0.810217	0.786962	0.764852	0.758498	0.799342	0.979771
23	0.749966	0.803971	0.780848	0.758164	0.752355	0.793309	0.979087
24	0.742814	0.79781	0.774431	0.75168	0.746099	0.78736	0.978286
25	0.735759	0.791614	0.768057	0.745034	0.739907	0.781333	0.977431
26	0.729059	0.78513	0.76139	0.738376	0.734052	0.775469	0.976777
27	0.722007	0.77902	0.754641	0.732114	0.728398	0.769652	0.97598
28	0.714829	0.772779	0.747983	0.725428	0.722511	0.763808	0.975239
29	0.707993	0.766404	0.7414	0.71865	0.71646	0.758309	0.974468
30	0.701439	0.760077	0.734687	0.711872	0.710758	0.752852	0.973924
31	0.694762	0.753772	0.727734	0.704934	0.704959	0.746946	0.973075
32	0.688202	0.747277	0.721093	0.698651	0.699067	0.741163	0.972446
33	0.681579	0.740717	0.714573	0.691977	0.693544	0.735573	0.97164
34	0.674936	0.734771	0.707936	0.685394	0.687723	0.729876	0.970861
35	0.668332	0.728423	0.70083	0.678639	0.681834	0.724335	0.970108
36	0.661593	0.721937	0.694367	0.672011	0.675938	0.718962	0.969402
37	0.654917	0.715751	0.68787	0.66559	0.67001	0.713703	0.968638
38	0.648317	0.709829	0.681295	0.658979	0.664063	0.708291	0.967878
39	0.641565	0.703875	0.674952	0.652461	0.658154	0.703309	0.967102
40	0.634982	0.697556	0.66839	0.645997	0.652198	0.698263	0.966398
41	0.62838	0.691252	0.661962	0.638956	0.646021	0.693146	0.965706
42	0.621749	0.685204	0.655279	0.632333	0.639883	0.687943	0.964946
43	0.614969	0.678871	0.648793	0.625406	0.633731	0.682853	0.964142
44	0.608257	0.672818	0.642223	0.618781	0.627511	0.677842	0.963457
45	0.601334	0.666836	0.63578	0.612166	0.621372	0.672914	0.962726
46	0.594864	0.661228	0.629316	0.605187	0.615092	0.66814	0.96203
47	0.588034	0.655479	0.623049	0.598673	0.608927	0.663237	0.961356
48	0.581727	0.649591	0.616862	0.592264	0.602543	0.658184	0.960709
49	0.575041	0.643609	0.610769	0.585409	0.596143	0.653526	0.959984
50	0.568546	0.637719	0.604428	0.578299	0.589623	0.648552	0.959241
51	0.56179	0.631772	0.598161	0.571374	0.583191	0.643645	0.958517
52	0.555267	0.625777	0.591978	0.564546	0.576543	0.63875	0.957802
53	0.54846	0.619605	0.585757	0.557809	0.56993	0.633886	0.957015
54	0.541688	0.613851	0.579188	0.551351	0.563376	0.629006	0.956341
55	0.535048	0.608017	0.572737	0.544674	0.557015	0.624056	0.955662
56	0.528116	0.602452	0.566189	0.537926	0.550728	0.619296	0.954992
57	0.521399	0.596579	0.559579	0.531412	0.544409	0.614457	0.954245
58	0.514626	0.591	0.553164	0.524728	0.537945	0.609629	0.953443
59	0.507861	0.585582	0.546506	0.51849	0.531584	0.604535	0.952675
60	0.500911	0.580189	0.539867	0.511998	0.525451	0.599767	0.951932
61	0.494152	0.574908	0.533043	0.505743	0.5189	0.594953	0.951199
62	0.4871	0.569573	0.526435	0.499841	0.512534	0.589972	0.950476
63	0.480351	0.564443	0.520204	0.493494	0.506166	0.584958	0.949747
64	0.473745	0.559187	0.513643	0.487216	0.499841	0.58007	0.94892
65	0.466735	0.55397	0.507804	0.480811	0.493552	0.575215	0.948219
66	0.45991	0.548729	0.501527	0.474203	0.487313	0.570285	0.947476
67	0.453222	0.5432	0.495725	0.467934	0.480817	0.565199	0.946759
68	0.446851	0.53787	0.489986	0.461682	0.474472	0.56009	0.946041
69	0.440104	0.532489	0.484078	0.455413	0.468307	0.554721	0.945426
70	0.433496	0.527318	0.477969	0.448827	0.461837	0.549686	0.944749
71	0.426997	0.52218	0.471637	0.442487	0.455696	0.544473	0.944054
72	0.420628	0.516796	0.465401	0.436056	0.449508	0.539412	0.943354
73	0.414499	0.511597	0.459327	0.429516	0.443182	0.534051	0.942646
74	0.408419	0.506259	0.453165	0.42281	0.43719	0.528898	0.941946
75	0.40206	0.500336	0.447019	0.416241	0.431107	0.523789	0.941201
76	0.39563	0.494772	0.440922	0.409844	0.424648	0.518492	0.940385
77	0.388927	0.489098	0.435125	0.403836	0.418225	0.513264	0.939787
78	0.382314	0.483454	0.428966	0.397752	0.411941	0.508186	0.939003
79	0.375505	0.477989	0.422907	0.391835	0.405567	0.502838	0.938358
80	0.368923	0.472387	0.416894	0.386037	0.399207	0.497651	0.937684
81	0.362295	0.466697	0.410548	0.380149	0.392875	0.492561	0.937062
82	0.355762	0.461023	0.404585	0.374192	0.386661	0.487357	0.9364
83	0.349044	0.455705	0.398488	0.368345	0.380109	0.482236	0.935712
84	0.342916	0.450136	0.3923	0.362491	0.373781	0.477231	0.934965
85	0.336193	0.444697	0.386298	0.356584	0.367253	0.472102	0.934305
86	0.329675	0.439147	0.380341	0.350682	0.360725	0.466904	0.933509
87	0.323109	0.433267	0.374506	0.344876	0.354404	0.461727	0.932713
88	0.316463	0.427657	0.368525	0.339207	0.34778	0.456575	0.93208
89	0.309637	0.422099	0.362522	0.333183	0.341269	0.451329	0.931391
90	0.302986	0.416901	0.356674	0.327477	0.334495	0.446018	0.930699
91	0.296248	0.411728	0.351013	0.321819	0.327805	0.440731	0.930036
92	0.289519	0.406443	0.345321	0.315974	0.321177	0.435473	0.929298
93	0.282867	0.401283	0.339732	0.309882	0.314443	0.430283	0.928609
94	0.276137	0.39618	0.334133	0.30407	0.307663	0.425058	0.927914
95	0.269703	0.390785	0.328393	0.298286	0.301221	0.419717	0.9272
96	0.263095	0.385841	0.32217	0.292507	0.294721	0.414277	0.926378
97	0.256654	0.380617	0.316284	0.286479	0.288249	0.409067	0.925633
98	0.250064	0.375518	0.310343	0.280521	0.281618	0.403559	0.924736
99	0.243457	0.370428	0.304413	0.273875	0.275369	0.398214	0.924013
100	0.236895	0.365315	0.298517	0.267894	0.269053	0.393295	0.923188
101	0.230507	0.360077	0.292593	0.261592	0.262487	0.387999	0.922415
102	0.22395	0.355036	0.286733	0.255133	0.256345	0.38271	0.921718
103	0.217195	0.349732	0.280892	0.248655	0.249794	0.377654	0.921014
104	0.210515	0.344246	0.274997	0.242202	0.243512	0.372444	0.920283
105	0.20403	0.339076	0.268891	0.235497	0.237446	0.36703	0.919565
106	0.197522	0.333995	0.263094	0.228796	0.231435	0.361691	0.918907
107	0.191152	0.328818	0.256866	0.221992	0.225357	0.356384	0.918204
108	0.184715	0.323447	0.25077	0.215285	0.219496	0.351245	0.917421
109	0.178195	0.31824	0.244553	0.208967	0.213749	0.346057	0.916803
110	0.171732	0.312763	0.238384	0.202462	0.207809	0.340834	0.916058
111	0.165261	0.30762	0.232284	0.195643	0.202021	0.335666	0.915332
112	0.159173	0.302253	0.22611	0.188824	0.196214	0.330413	0.914712
113	0.153166	0.296862	0.2199	0.182283	0.190428	0.325207	0.914091
114	0.14717	0.291541	0.213978	0.175795	0.184888	0.320294	0.913399
115	0.141245	0.286254	0.208081	0.168828	0.17942	0.315353	0.912675
116	0.135351	0.280838	0.201839	0.162323	0.173976	0.310431	0.911931
117	0.12968	0.27537	0.19587	0.155943	0.16846	0.305752	0.911214
118	0.124077	0.269958	0.189857	0.149488	0.163084	0.300812	0.910617
119	0.118311	0.264566	0.18392	0.14296	0.157843	0.295773	0.909919
120	0.112885	0.259277	0.178341	0.136803	0.152625	0.290925	0.909241
121	0.107679	0.253882	0.172904	0.130638	0.147224	0.286286	0.908504
122	0.102351	0.24869	0.167131	0.124636	0.142134	0.281553	0.907837
123	0.097364	0.24342	0.161418	0.11898	0.137274	0.276829	0.907316
124	0.09207	0.238144	0.15604	0.113367	0.132359	0.272314	0.906673
125	0.087467	0.232987	0.150382	0.108033	0.127451	0.267665	0.906015
126	0.083012	0.227347	0.144982	0.102758	0.12297	0.263058	0.905354
127	0.078649	0.221808	0.139863	0.097664	0.118407	0.258626	0.904678
128	0.074582	0.216398	0.134682	0.092857	0.113827	0.254059	0.904115
129	0.070776	0.210975	0.129758	0.088128	0.109392	0.249796	0.903443
130	0.06715	0.205306	0.124938	0.083718	0.105042	0.245441	0.902805
131	0.063751	0.199714	0.120216	0.079432	0.100968	0.241098	0.902178
132	0.060308	0.194148	0.11578	0.075377	0.096915	0.236916	0.901591
133	0.057221	0.188747	0.111143	0.071543	0.093117	0.232749	0.901018
134	0.054255	0.183083	0.106722	0.067961	0.08938	0.228667	0.900468
135	0.051324	0.177772	0.102414	0.064527	0.085801	0.224576	0.899831
136	0.048526	0.172588	0.098411	0.061258	0.082338	0.220526	0.899183
137	0.045932	0.1674	0.094349	0.058285	0.07924	0.216699	0.898677
138	0.043488	0.162348	0.090662	0.055423	0.076122	0.212909	0.898109
139	0.04108	0.156875	0.086945	0.052794	0.07307	0.208991	0.897454
140	0.038817	0.151628	0.083387	0.050242	0.070152	0.20522	0.896847
141	0.036784	0.146648	0.079938	0.047896	0.067273	0.201449	0.896219
142	0.034743	0.141912	0.076646	0.045584	0.064591	0.197878	0.895666
143	0.032981	0.137175	0.073529	0.043478	0.061882	0.194182	0.895031
144	0.031257	0.132416	0.070418	0.041431	0.059387	0.19053	0.894453
145	0.029708	0.127946	0.067327	0.03942	0.057091	0.187	0.893844
146	0.028266	0.123386	0.064537	0.037392	0.054841	0.183528	0.893239
147	0.026897	0.119229	0.061413	0.035529	0.052635	0.180085	0.89269
148	0.025646	0.11512	0.058597	0.033881	0.050579	0.176739	0.891972
149	0.02457	0.111106	0.05599	0.032196	0.04866	0.173405	0.891371
150	0.023529	0.107401	0.053414	0.030688	0.046719	0.170029	0.890741
151	0.02258	0.103605	0.050941	0.029321	0.044844	0.166841	0.890227
152	0.021679	0.099965	0.048591	0.027927	0.043035	0.163647	0.88967
153	0.020876	0.096579	0.046567	0.026616	0.041235	0.160555	0.889097
154	0.020157	0.093259	0.044601	0.025383	0.03967	0.157396	0.888518
155	0.019504	0.090123	0.042612	0.024197	0.038159	0.154408	0.887952
156	0.018871	0.086676	0.040679	0.023122	0.036748	0.15143	0.887351
157	0.018279	0.083449	0.039002	0.02223	0.035341	0.148388	0.886783
158	0.017742	0.080415	0.037492	0.021291	0.033996	0.145475	0.886182
159	0.017285	0.077513	0.035917	0.020551	0.032751	0.142708	0.885604
160	0.01682	0.074604	0.034472	0.019741	0.031572	0.139896	0.885092
161	0.016398	0.071757	0.033176	0.019018	0.030442	0.137138	0.884498
162	0.01603	0.068962	0.031832	0.018346	0.02937	0.134505	0.883916
163	0.015665	0.066107	0.030517	0.017769	0.028368	0.131903	0.883393
164	0.015344	0.06357	0.029306	0.017235	0.027454	0.129547	0.882833
165	0.015015	0.060925	0.028175	0.016768	0.0265	0.127059	0.882231
166	0.014746	0.05849	0.027103	0.016336	0.025635	0.124758	0.8817
167	0.014476	0.056101	0.026049	0.015925	0.024775	0.122374	0.88119
168	0.014216	0.053953	0.025151	0.015559	0.024005	0.120213	0.88051
169	0.013974	0.051786	0.024263	0.015192	0.023264	0.11786	0.879948
170	0.013748	0.049781	0.023415	0.014873	0.022601	0.115688	0.879377
171	0.013536	0.047656	0.02253	0.014548	0.021965	0.113485	0.878832
172	0.013361	0.045809	0.021787	0.014262	0.021324	0.111393	0.878302
173	0.013184	0.044189	0.02106	0.013985	0.020735	0.109166	0.87765
174	0.013017	0.042619	0.020406	0.013746	0.020202	0.107091	0.877099
175	0.01285	0.041052	0.019803	0.013526	0.0197	0.105104	0.876586
176	0.012702	0.039562	0.019293	0.013315	0.019213	0.103036	0.876044
177	0.012556	0.038224	0.018776	0.013106	0.018771	0.101155	0.875523
178	0.012422	0.037009	0.018282	0.012922	0.018328	0.099203	0.874975
179	0.012304	0.035838	0.017828	0.012737	0.017911	0.097405	0.874451
180	0.012197	0.034792	0.01742	0.012589	0.0175	0.095577	0.87386
181	0.012088	0.033771	0.016991	0.012445	0.01714	0.093803	0.87337
182	0.011991	0.032858	0.016609	0.012305	0.016807	0.092012	0.872813
183	0.011893	0.031961	0.016248	0.012181	0.016458	0.090288	0.872248
184	0.011801	0.03106	0.01591	0.012062	0.016128	0.088611	0.871776
185	0.011717	0.030315	0.015595	0.011948	0.015803	0.087041	0.871142
186	0.011635	0.029512	0.015318	0.011843	0.015511	0.085489	0.870624
187	0.011562	0.028806	0.01505	0.01175	0.015249	0.083964	0.869999
188	0.011495	0.028125	0.014792	0.011655	0.014988	0.082444	0.869511
189	0.011439	0.027436	0.014569	0.011565	0.01475	0.080932	0.868928
190	0.011375	0.026827	0.014364	0.011482	0.014521	0.079473	0.86836
191	0.011314	0.026248	0.014163	0.011413	0.014302	0.078088	0.867822
192	0.011267	0.025651	0.013963	0.011343	0.01409	0.076684	0.86732
193	0.011216	0.025079	0.013786	0.011281	0.013902	0.075302	0.866711
194	0.011166	0.024548	0.013623	0.01122	0.013719	0.074005	0.86617
195	0.01112	0.024048	0.013465	0.01116	0.013549	0.072668	0.865628
196	0.011078	0.023548	0.013323	0.011111	0.013378	0.071367	0.865083
197	0.011038	0.023025	0.013182	0.011063	0.013218	0.07011	0.864566
198	0.010999	0.022565	0.013057	0.011017	0.013069	0.068891	0.863956
199	0.010965	0.022158	0.012935	0.010972	0.012933	0.067669	0.863461
200	0.010929	0.021767	0.012826	0.010929	0.012799	0.066459	0.862965
201	0.010895	0.021373	0.012736	0.010886	0.012679	0.065291	0.862327
202	0.01086	0.020961	0.012637	0.010851	0.012554	0.064081	0.861832
203	0.010829	0.020566	0.012551	0.01082	0.012442	0.062964	0.861237
204	0.010802	0.020226	0.01247	0.010789	0.012337	0.061904	0.860681
205	0.010774	0.019918	0.01239	0.010757	0.01223	0.060767	0.860108
206	0.010751	0.019621	0.012317	0.010731	0.012129	0.059753	0.859615
207	0.010731	0.019332	0.012246	0.010701	0.012037	0.058752	0.859075
208	0.010708	0.019033	0.012178	0.010677	0.011948	0.057761	0.858499
209	0.010687	0.018735	0.012117	0.010657	0.011867	0.056756	0.857937
210	0.010667	0.018483	0.012056	0.010638	0.011787	0.055794	0.857432
211	0.010652	0.018245	0.011997	0.010617	0.011718	0.054818	0.856857
212	0.010636	0.017998	0.011943	0.010598	0.011642	0.053887	0.856244
213	0.010622	0.017742	0.011897	0.010579	0.011577	0.052963	0.855716
214	0.010607	0.017527	0.011846	0.010561	0.011513	0.052082	0.855124
215	0.010593	0.017294	0.011795	0.010549	0.011452	0.051194	0.854641
216	0.01058	0.017082	0.011748	0.010534	0.01139	0.050338	0.854062
217	0.010566	0.016841	0.011706	0.010519	0.011334	0.049499	0.853582
218	0.010554	0.016619	0.011665	0.010506	0.011279	0.048688	0.853026
219	0.010541	0.01641	0.011629	0.010492	0.011226	0.047844	0.852504
220	0.010528	0.016209	0.011596	0.010482	0.011174	0.047053	0.85205
221	0.010516	0.016046	0.011563	0.010475	0.011125	0.046274	0.851475
222	0.01051	0.015858	0.011532	0.010462	0.011085	0.0455	0.851056
223	0.010502	0.01571	0.011502	0.010451	0.011041	0.044754	0.85044
224	0.010493	0.015562	0.011474	0.010442	0.011001	0.04402	0.850003
225	0.010484	0.015425	0.011449	0.010432	0.010963	0.043313	0.849442
226	0.010476	0.015299	0.011425	0.010422	0.010926	0.042575	0.84877
227	0.010468	0.015172	0.011401	0.010413	0.010895	0.04188	0.848238
228	0.010459	0.015058	0.011378	0.010407	0.010863	0.041173	0.847645
229	0.010451	0.014933	0.011351	0.0104	0.01083	0.040512	0.847124
230	0.010446	0.014826	0.011328	0.010393	0.010802	0.039826	0.846587
231	0.010437	0.014716	0.011304	0.010388	0.010774	0.0392	0.846033
232	0.010431	0.014621	0.011282	0.010382	0.010748	0.038589	0.845537
233	0.010425	0.014526	0.011261	0.010377	0.010725	0.037965	0.845117
234	0.01042	0.014437	0.011241	0.010373	0.0107	0.037378	0.844605
235	0.010414	0.014347	0.011223	0.010365	0.010677	0.036819	0.844004
236	0.01041	0.014262	0.011208	0.010361	0.010653	0.036233	0.843438
237	0.010406	0.01418	0.011191	0.010355	0.010631	0.035671	0.842844
238	0.010399	0.014101	0.011179	0.010352	0.010616	0.03513	0.842314
239	0.010393	0.014018	0.011161	0.010348	0.010596	0.034589	0.841836
240	0.010389	0.013942	0.011148	0.010341	0.010582	0.034098	0.841225
241	0.010386	0.013862	0.011131	0.010339	0.01057	0.033605	0.84067
242	0.010381	0.013795	0.011118	0.010338	0.010554	0.033115	0.840215
243	0.010376	0.013727	0.011104	0.010334	0.010539	0.032622	0.839672
244	0.010372	0.01366	0.011091	0.01033	0.010524	0.032164	0.839078
245	0.01037	0.0136	0.011078	0.010326	0.010509	0.031695	0.838554
246	0.010367	0.013544	0.011066	0.010323	0.010494	0.031239	0.838034
247	0.010363	0.013484	0.011055	0.01032	0.010482	0.030788	0.837516
248	0.01036	0.013427	0.011046	0.01032	0.010467	0.030352	0.837
249	0.010355	0.013369	0.011036	0.010317	0.010455	0.029894	0.836427
250	0.010352	0.013318	0.011026	0.010313	0.010444	0.029457	0.835859
251	0.010349	0.013273	0.011016	0.010311	0.010433	0.029023	0.83532
252	0.010346	0.013227	0.011005	0.01031	0.010424	0.028629	0.834763
253	0.010345	0.013181	0.010995	0.010309	0.010411	0.028232	0.834295
254	0.010341	0.013141	0.010984	0.01031	0.010405	0.027827	0.83378
255	0.010337	0.013095	0.010973	0.010305	0.010399	0.027427	0.83328
256	0.010334	0.013059	0.010966	0.010304	0.010389	0.027074	0.832786
257	0.010332	0.013018	0.010957	0.0103	0.010379	0.026727	0.832283
258	0.010331	0.012978	0.010948	0.010297	0.010374	0.026373	0.831814
259	0.010327	0.012939	0.01094	0.010296	0.010365	0.026019	0.831354
260	0.010328	0.012907	0.010934	0.010295	0.010357	0.025679	0.830903
261	0.010327	0.012874	0.010924	0.010294	0.010352	0.025354	0.830374
262	0.010324	0.012842	0.010918	0.010293	0.010344	0.025057	0.829787
263	0.010321	0.012812	0.01091	0.010292	0.010336	0.024744	0.829247
264	0.01032	0.012783	0.010906	0.010289	0.01033	0.024422	0.828816
265	0.010319	0.012755	0.010898	0.010289	0.010327	0.024119	0.828312
266	0.010317	0.012729	0.01089	0.010289	0.010321	0.023798	0.827845
267	0.010316	0.012705	0.010882	0.010286	0.010316	0.023495	0.827342
268	0.010314	0.012679	0.010875	0.010285	0.01031	0.023211	0.826805
269	0.010312	0.01265	0.010871	0.010286	0.01031	0.022928	0.82623
270	0.01031	0.012624	0.010866	0.010283	0.010306	0.022654	0.825681
271	0.010307	0.012602	0.010862	0.010281	0.010301	0.022382	0.825201
272	0.010305	0.012576	0.010859	0.01028	0.010297	0.022129	0.824696
273	0.010303	0.012551	0.010853	0.01028	0.010295	0.021879	0.824184
274	0.010301	0.012525	0.010848	0.010278	0.010293	0.021629	0.823725
275	0.010301	0.012502	0.010844	0.010276	0.010288	0.021383	0.823205
276	0.010301	0.012479	0.01084	0.010273	0.010286	0.02114	0.822673
277	0.010298	0.012454	0.010835	0.010272	0.010285	0.020888	0.822231
278	0.010297	0.012427	0.01083	0.01027	0.010284	0.020666	0.821767
279	0.010296	0.0124	0.010828	0.010268	0.010282	0.020439	0.82114
280	0.010293	0.012373	0.010823	0.010268	0.010279	0.020222	0.820531
281	0.010291	0.012346	0.010819	0.010266	0.010275	0.019999	0.820036
282	0.010288	0.012321	0.010813	0.010267	0.010272	0.019777	0.819545
283	0.010289	0.012297	0.010812	0.010267	0.010271	0.019573	0.818997
284	0.010289	0.012269	0.010807	0.010265	0.010267	0.019371	0.81848
285	0.01029	0.012243	0.010803	0.010264	0.010266	0.019168	0.817975
286	0.01029	0.012217	0.0108	0.010261	0.010265	0.018974	0.8175
287	0.01029	0.012194	0.010798	0.010259	0.010261	0.018783	0.817036
288	0.01029	0.012165	0.010795	0.010259	0.010261	0.018595	0.816458
289	0.010288	0.012144	0.010791	0.01026	0.010259	0.018406	0.815844
290	0.01029	0.012117	0.01079	0.010259	0.010257	0.018224	0.81534
291	0.010289	0.01209	0.010788	0.010257	0.010253	0.018034	0.814795
292	0.010289	0.012065	0.010785	0.010255	0.010251	0.017856	0.814285
293	0.010289	0.012042	0.01078	0.010254	0.01025	0.017682	0.813698
294	0.010288	0.012017	0.010775	0.010253	0.010248	0.017514	0.813188
295	0.010285	0.011991	0.010774	0.010253	0.010247	0.01734	0.81274
296	0.010285	0.011962	0.010772	0.010253	0.010243	0.017177	0.812208
297	0.010283	0.011932	0.010769	0.010252	0.010241	0.016995	0.811725
298	0.010284	0.011908	0.010765	0.010251	0.010239	0.01685	0.811189
299	0.010282	0.011884	0.010761	0.010249	0.010238	0.016689	0.810704
300	0.010284	0.011855	0.010758	0.010249	0.010235	0.016536	0.810209
301	0.010284	0.011827	0.010755	0.010248	0.010232	0.016388	0.809667
302	0.010282	0.011802	0.010752	0.010248	0.010231	0.016238	0.809104
303	0.01028	0.011776	0.010749	0.010248	0.010231	0.016104	0.808673
304	0.010278	0.011747	0.010746	0.010247	0.01023	0.015977	0.808177
305	0.010276	0.01172	0.010743	0.010247	0.010229	0.015845	0.807683
306	0.010276	0.011694	0.010739	0.010246	0.010229	0.015713	0.80721
307	0.010276	0.011667	0.010737	0.010246	0.010227	0.015591	0.80668
308	0.010276	0.011641	0.010735	0.010246	0.010228	0.015473	0.806242
309	0.010277	0.011617	0.010733	0.010243	0.010228	0.015365	0.805719
310	0.010275	0.011593	0.010732	0.010243	0.010227	0.015245	0.805237
311	0.010275	0.01157	0.010731	0.010244	0.010228	0.015134	0.80474
312	0.010275	0.011548	0.010729	0.010243	0.010226	0.01502	0.804194
313	0.010276	0.011525	0.010725	0.010244	0.010225	0.014915	0.803706
314	0.010278	0.011508	0.010723	0.010245	0.010222	0.014815	0.80319
315	0.010276	0.011486	0.01072	0.010243	0.010222	0.014708	0.802694
316	0.010274	0.011465	0.010717	0.010244	0.01022	0.014594	0.802117
317	0.010273	0.011441	0.010716	0.010243	0.010217	0.014486	0.801598
318	0.010271	0.011424	0.010713	0.010243	0.010217	0.014373	0.800983
319	0.010267	0.011406	0.010712	0.010242	0.010216	0.014277	0.800505
320	0.010268	0.011387	0.01071	0.010243	0.010214	0.014185	0.799978
321	0.01027	0.01137	0.010708	0.010241	0.010215	0.014092	0.799551
322	0.01027	0.011352	0.010705	0.01024	0.010215	0.013995	0.799028
323	0.010268	0.011332	0.010701	0.010238	0.010215	0.013897	0.798416
324	0.010267	0.01132	0.010698	0.010236	0.010215	0.013809	0.797975
325	0.010266	0.011303	0.010693	0.010235	0.010215	0.01372	0.797442
326	0.010266	0.011286	0.01069	0.010234	0.010214	0.013634	0.79692
327	0.010267	0.01127	0.010687	0.010232	0.010213	0.013557	0.79639
328	0.010267	0.011254	0.010684	0.010232	0.010214	0.013481	0.795863
329	0.010266	0.011239	0.010682	0.010232	0.010216	0.013406	0.79538
330	0.010264	0.011227	0.010681	0.010233	0.010215	0.013333	0.794798
331	0.010264	0.011214	0.010679	0.010231	0.010213	0.013259	0.794292
332	0.010265	0.011197	0.010676	0.010231	0.010213	0.013194	0.793779
333	0.010265	0.011184	0.010674	0.01023	0.010211	0.013125	0.793263
334	0.010265	0.011172	0.01067	0.01023	0.010211	0.013058	0.792799
335	0.010264	0.011157	0.010668	0.01023	0.010211	0.013006	0.792217
336	0.010265	0.011142	0.010665	0.010231	0.010211	0.012929	0.791736
337	0.010265	0.011129	0.010663	0.010229	0.010211	0.012869	0.791154
338	0.010264	0.01112	0.010659	0.010228	0.01021	0.01281	0.790626
339	0.010262	0.011107	0.010656	0.010226	0.01021	0.01275	0.790131
340	0.010263	0.01109	0.010656	0.010227	0.010209	0.012691	0.789615
341	0.010262	0.011075	0.010655	0.010228	0.010208	0.012633	0.789137
342	0.010262	0.011062	0.010651	0.010226	0.010209	0.012572	0.788618
343	0.010262	0.011047	0.010643	0.010227	0.010208	0.012519	0.788088
344	0.010261	0.011032	0.010637	0.010228	0.010206	0.012459	0.787561
345	0.010259	0.01102	0.010635	0.010228	0.010206	0.012411	0.786946
346	0.010259	0.011007	0.010631	0.010227	0.010206	0.012362	0.78652
347	0.01026	0.010992	0.010628	0.010225	0.010205	0.012312	0.786051
348	0.010259	0.010979	0.010622	0.010225	0.010204	0.012265	0.785546
349	0.010258	0.010967	0.01062	0.010227	0.010205	0.012216	0.785102
350	0.010258	0.010954	0.010616	0.010227	0.010206	0.01217	0.784572
351	0.01026	0.01094	0.01061	0.010227	0.010206	0.012116	0.784086
352	0.01026	0.010929	0.010607	0.010228	0.010205	0.012072	0.783594
353	0.010258	0.010916	0.010602	0.010228	0.010206	0.012029	0.78311
354	0.010259	0.010907	0.010598	0.010228	0.010208	0.011983	0.782684
355	0.010259	0.010895	0.010596	0.010228	0.010209	0.011943	0.782297
356	0.010257	0.010885	0.010592	0.010228	0.010211	0.011903	0.781721
357	0.010257	0.010874	0.010587	0.010227	0.010209	0.011862	0.781198
358	0.010257	0.010862	0.010585	0.010227	0.010207	0.011823	0.780637
359	0.010258	0.010851	0.010581	0.010228	0.010207	0.011785	0.780141
360	0.010259	0.010841	0.010577	0.010228	0.010204	0.011743	0.7796
361	0.010257	0.01083	0.010572	0.010227	0.010204	0.011714	0.779189
362	0.010256	0.01082	0.010569	0.010227	0.010203	0.011677	0.778729
363	0.010255	0.010811	0.010566	0.010227	0.010202	0.011638	0.778266
364	0.010255	0.0108	0.010564	0.010226	0.010201	0.011604	0.777859
365	0.010256	0.010791	0.010562	0.010226	0.010199	0.011571	0.777307
366	0.010255	0.010783	0.01056	0.010226	0.0102	0.01154	0.77683
367	0.010254	0.010775	0.010558	0.010224	0.010202	0.011505	0.776307
368	0.010253	0.010766	0.010556	0.010224	0.010201	0.011471	0.775819
369	0.010254	0.010757	0.010555	0.010225	0.0102	0.011442	0.775369
370	0.010254	0.010747	0.010553	0.010224	0.010198	0.011412	0.774807
371	0.010255	0.01074	0.010551	0.010221	0.010199	0.011384	0.77438
372	0.010255	0.010733	0.010549	0.010222	0.010199	0.011357	0.773875
373	0.010254	0.010726	0.010547	0.010223	0.010197	0.011329	0.773382
374	0.010252	0.010719	0.010544	0.010224	0.010197	0.011301	0.772868
375	0.010251	0.010712	0.010544	0.010224	0.010199	0.011278	0.772349
376	0.010252	0.010704	0.010545	0.010223	0.0102	0.011254	0.771773
377	0.010249	0.010697	0.010543	0.010222	0.010201	0.011227	0.771288
378	0.010248	0.010689	0.010543	0.010224	0.0102	0.011201	0.770722
379	0.010248	0.010681	0.010543	0.010222	0.0102	0.01118	0.770297
380	0.010248	0.010673	0.010543	0.010222	0.0102	0.011161	0.769836
381	0.010246	0.010665	0.01054	0.010224	0.010199	0.01114	0.769302
382	0.010246	0.010657	0.01054	0.010224	0.0102	0.01112	0.768876
383	0.010246	0.010649	0.010538	0.010225	0.010199	0.011101	0.768312
384	0.010245	0.010644	0.010535	0.010226	0.0102	0.011086	0.767844
385	0.010242	0.010636	0.010531	0.010225	0.0102	0.011067	0.76729
386	0.010243	0.01063	0.010529	0.010224	0.0102	0.011047	0.766794
387	0.010242	0.010623	0.010529	0.010222	0.0102	0.011033	0.766247
388	0.010243	0.010616	0.010528	0.010221	0.010199	0.011012	0.76578
389	0.010242	0.010609	0.010524	0.01022	0.010198	0.010993	0.765307
390	0.010241	0.010604	0.010522	0.010221	0.010199	0.010979	0.764806
391	0.010242	0.010597	0.010522	0.010221	0.010201	0.010964	0.764371
392	0.010243	0.010594	0.010519	0.01022	0.010201	0.010949	0.763826
393	0.010241	0.010588	0.010517	0.010219	0.0102	0.010939	0.763318
394	0.01024	0.010581	0.010515	0.01022	0.0102	0.010925	0.762742
395	0.010243	0.010576	0.010512	0.010219	0.010198	0.010911	0.762234
396	0.010242	0.010571	0.010511	0.01022	0.010198	0.0109	0.761785
397	0.010242	0.010565	0.010511	0.010221	0.010201	0.010887	0.761356
398	0.010244	0.010559	0.010511	0.010221	0.010199	0.010872	0.760923
399	0.010242	0.010555	0.010509	0.01022	0.010198	0.010862	0.760446
400	0.010242	0.010551	0.010508	0.01022	0.010197	0.010853	0.759991
401	0.010242	0.010546	0.010506	0.010219	0.010198	0.01084	0.759464
402	0.010242	0.010542	0.010506	0.010219	0.010195	0.010829	0.758999
403	0.010241	0.010538	0.010504	0.010219	0.010196	0.010822	0.758455
404	0.010241	0.010534	0.010503	0.010218	0.010196	0.01081	0.75796
405	0.01024	0.01053	0.010502	0.010218	0.010197	0.010795	0.757454
406	0.010239	0.010526	0.010501	0.01022	0.010198	0.010786	0.756989
407	0.010239	0.010523	0.010499	0.010221	0.010198	0.010772	0.756568
408	0.01024	0.010521	0.010499	0.01022	0.010197	0.01076	0.756115
409	0.010241	0.010517	0.010497	0.01022	0.010199	0.010752	0.755635
410	0.01024	0.010513	0.010495	0.010223	0.010199	0.010743	0.755215
411	0.01024	0.010509	0.010495	0.010222	0.010197	0.010734	0.754752
412	0.010242	0.010506	0.010494	0.010223	0.010197	0.010725	0.754256
413	0.010243	0.010503	0.010493	0.010223	0.010198	0.010715	0.753806
414	0.010242	0.010501	0.010492	0.010223	0.010198	0.010704	0.753356
415	0.010241	0.010497	0.01049	0.010222	0.010199	0.010696	0.75288
416	0.01024	0.010496	0.01049	0.01022	0.010197	0.010688	0.752383
417	0.010239	0.010492	0.01049	0.010218	0.010197	0.010681	0.751944
418	0.010238	0.010487	0.010488	0.010217	0.010198	0.010673	0.751445
419	0.010239	0.010484	0.010486	0.010219	0.010197	0.010662	0.750963
420	0.010236	0.010481	0.010485	0.010218	0.010197	0.010659	0.750396
421	0.010233	0.010477	0.010485	0.010217	0.010196	0.010648	0.749889
422	0.010234	0.010476	0.010484	0.010218	0.010194	0.010642	0.749361
423	0.010236	0.010472	0.010482	0.010217	0.010195	0.010635	0.748933
424	0.010237	0.01047	0.010483	0.010218	0.010196	0.010628	0.748454
425	0.010237	0.010468	0.010484	0.010217	0.010196	0.010623	0.747978
426	0.010237	0.010464	0.010484	0.010216	0.010194	0.010618	0.747531
427	0.010236	0.010461	0.010483	0.010215	0.010194	0.010613	0.747093
428	0.010235	0.010458	0.010482	0.010216	0.010194	0.010607	0.746569
429	0.010236	0.010456	0.010482	0.010216	0.010193	0.0106	0.746154
430	0.010239	0.010454	0.010481	0.010217	0.010191	0.010593	0.745647
431	0.010237	0.010451	0.01048	0.010216	0.01019	0.010588	0.745192
432	0.010237	0.010448	0.010479	0.010216	0.01019	0.010582	0.744732
433	0.010235	0.010447	0.010478	0.010213	0.010189	0.010578	0.744262
434	0.010236	0.010443	0.010477	0.010212	0.010188	0.010575	0.743819
435	0.010236	0.010441	0.010475	0.010212	0.010187	0.01057	0.74327
436	0.010234	0.010438	0.010475	0.010213	0.010189	0.010567	0.742877
437	0.010235	0.010435	0.010476	0.010215	0.010191	0.010563	0.742412
438	0.010234	0.010433	0.010476	0.010215	0.010191	0.010561	0.741988
439	0.010236	0.010431	0.010475	0.010214	0.010192	0.010556	0.741567
440	0.010235	0.010429	0.010474	0.010215	0.010191	0.010555	0.7411
441	0.010234	0.010426	0.010474	0.010213	0.01019	0.010548	0.740652
442	0.010233	0.010425	0.010476	0.010216	0.010191	0.010542	0.740162
443	0.010232	0.010422	0.010475	0.010215	0.010192	0.010539	0.739689
444	0.010231	0.010419	0.010474	0.010215	0.01019	0.010533	0.739299
445	0.01023	0.010418	0.010475	0.010214	0.01019	0.010527	0.738817
446	0.010232	0.010416	0.010476	0.010214	0.01019	0.010526	0.738338
447	0.01023	0.010413	0.010474	0.010214	0.010193	0.010522	0.737809
448	0.01023	0.010411	0.010473	0.010214	0.010193	0.010518	0.737367
449	0.010231	0.01041	0.010473	0.010214	0.010194	0.010515	0.736972
450	0.01023	0.010408	0.010472	0.010214	0.010194	0.01051	0.736408
451	0.010229	0.010405	0.010473	0.010215	0.010193	0.010507	0.735923
452	0.01023	0.010404	0.010473	0.010213	0.010194	0.010503	0.7355
453	0.010229	0.010402	0.010473	0.010213	0.010193	0.010498	0.735033
454	0.010229	0.010401	0.010473	0.010215	0.010193	0.010496	0.734596
455	0.010229	0.010401	0.010472	0.010214	0.010194	0.010492	0.734161
456	0.010227	0.010398	0.010471	0.010212	0.010193	0.010492	0.733735
457	0.010229	0.010397	0.010471	0.010211	0.010193	0.010491	0.733338
458	0.01023	0.010394	0.01047	0.01021	0.010192	0.010489	0.732875
459	0.010228	0.010391	0.010469	0.010212	0.010194	0.010487	0.732407
460	0.010229	0.010387	0.010469	0.010212	0.010194	0.010484	0.731917
461	0.010228	0.010383	0.010469	0.010213	0.010193	0.01048	0.731494
462	0.010229	0.01038	0.010468	0.010213	0.010193	0.010477	0.731038
463	0.010227	0.010378	0.010468	0.010213	0.010193	0.010472	0.730588
464	0.010226	0.010374	0.010466	0.010216	0.010194	0.01047	0.730128
465	0.010227	0.010371	0.010466	0.010216	0.010194	0.01047	0.729616
466	0.010227	0.01037	0.010463	0.010216	0.010194	0.010468	0.729204
467	0.010228	0.010368	0.010463	0.010216	0.010195	0.010464	0.728756
468	0.010229	0.010366	0.010461	0.010216	0.010194	0.010461	0.728297
469	0.010227	0.010365	0.010461	0.010215	0.010195	0.01046	0.727862
470	0.010227	0.010362	0.010461	0.010216	0.010194	0.01046	0.727467
471	0.010227	0.010362	0.010462	0.010214	0.010194	0.010454	0.727019
472	0.010226	0.010357	0.01046	0.010213	0.01019	0.010453	0.72653
473	0.010225	0.010354	0.01046	0.010213	0.010194	0.010451	0.726144
474	0.010225	0.010353	0.010461	0.010211	0.010196	0.01045	0.725628
475	0.010224	0.01035	0.01046	0.010211	0.010195	0.010448	0.725123
476	0.010225	0.010346	0.010461	0.010212	0.010195	0.01045	0.724708
477	0.010224	0.010344	0.01046	0.010211	0.010193	0.010447	0.724227
478	0.010226	0.010343	0.010461	0.010211	0.010191	0.010442	0.723766
479	0.010223	0.010338	0.01046	0.010211	0.010191	0.010443	0.723349
480	0.010224	0.010333	0.010461	0.010211	0.01019	0.010439	0.722921
481	0.010223	0.010332	0.01046	0.01021	0.010193	0.010437	0.72252
482	0.010222	0.010329	0.010459	0.010209	0.010194	0.010438	0.722062
483	0.010221	0.010324	0.010458	0.01021	0.010195	0.010435	0.721562
484	0.010223	0.01032	0.010458	0.01021	0.010196	0.010432	0.721086
485	0.010223	0.010318	0.010458	0.010211	0.010195	0.010433	0.720696
486	0.010223	0.010314	0.010458	0.010211	0.010193	0.01043	0.720246
487	0.010222	0.010313	0.010458	0.010212	0.010192	0.010431	0.719764
488	0.010222	0.010311	0.010457	0.010209	0.010191	0.01043	0.719344
489	0.01022	0.010308	0.010457	0.010208	0.010191	0.010428	0.719011
490	0.01022	0.010305	0.010458	0.010207	0.01019	0.010428	0.718536
491	0.01022	0.010303	0.010456	0.010206	0.01019	0.010426	0.718063
492	0.010221	0.010301	0.010455	0.010207	0.010189	0.010426	0.717609
493	0.010221	0.010299	0.010454	0.010206	0.010191	0.010422	0.7172
494	0.010219	0.010299	0.010454	0.010205	0.010192	0.010422	0.716788
495	0.010219	0.010297	0.010456	0.010204	0.010194	0.010423	0.716367
496	0.010217	0.010294	0.010455	0.010205	0.010194	0.010422	0.715874
497	0.010217	0.010292	0.010453	0.010207	0.010193	0.010422	0.715464
498	0.010218	0.01029	0.010454	0.010207	0.010193	0.010422	0.714958
499	0.010218	0.010289	0.010454	0.010206	0.010194	0.01042	0.714516
500	0.010219	0.010287	0.010456	0.010204	0.010194	0.010421	0.713978
501	0.010218	0.010286	0.010457	0.010205	0.010194	0.010423	0.713604
502	0.010218	0.010286	0.010457	0.010204	0.010193	0.010422	0.713124
503	0.01022	0.010284	0.010457	0.010204	0.010193	0.010419	0.712637
504	0.010219	0.010284	0.010458	0.010206	0.010193	0.01042	0.712167
505	0.01022	0.010282	0.010458	0.010206	0.010191	0.010421	0.711656
506	0.01022	0.010279	0.010457	0.010206	0.010189	0.01042	0.711164
507	0.010221	0.010277	0.010456	0.010205	0.010192	0.010417	0.710661
508	0.010222	0.010276	0.010455	0.010205	0.01019	0.010415	0.710235
509	0.010222	0.010275	0.010454	0.010205	0.010191	0.010415	0.709833
510	0.010221	0.010274	0.010454	0.010206	0.010193	0.010411	0.709461
511	0.010221	0.010272	0.010454	0.010207	0.010191	0.010412	0.708972
512	0.010221	0.010269	0.010454	0.010209	0.010191	0.010411	0.708419
513	0.01022	0.010266	0.010455	0.010208	0.01019	0.010408	0.707959
514	0.010221	0.010265	0.010454	0.010207	0.010192	0.010407	0.707544
515	0.010219	0.010263	0.010454	0.010205	0.010191	0.010405	0.707095
516	0.010218	0.010261	0.010453	0.010206	0.010191	0.010404	0.706668
517	0.010217	0.010259	0.010452	0.010205	0.010191	0.010404	0.706213
518	0.010216	0.010258	0.010453	0.010203	0.010192	0.010405	0.705762
519	0.010217	0.010256	0.010452	0.010202	0.010191	0.010404	0.705341
520	0.010217	0.010256	0.010453	0.010203	0.010189	0.010409	0.704902
521	0.010217	0.010255	0.010453	0.010202	0.010189	0.010411	0.704367
522	0.010215	0.010256	0.010453	0.010202	0.010191	0.010408	0.703939
523	0.010214	0.010255	0.010452	0.010202	0.010189	0.01041	0.703431
524	0.010212	0.010254	0.010453	0.010203	0.010188	0.010408	0.703031
525	0.010212	0.010253	0.010455	0.010203	0.010186	0.010408	0.702527
526	0.010211	0.010253	0.010453	0.010203	0.010184	0.010408	0.702038
527	0.010213	0.010253	0.010452	0.010203	0.010185	0.010408	0.701617
528	0.010212	0.010252	0.010452	0.010201	0.010185	0.010408	0.701201
529	0.010212	0.010251	0.010451	0.010203	0.010184	0.010408	0.700761
530	0.010212	0.01025	0.010453	0.010203	0.010185	0.01041	0.70037
531	0.010214	0.010249	0.010451	0.010204	0.010184	0.010407	0.699992
532	0.010215	0.010248	0.01045	0.010203	0.010186	0.010409	0.699606
533	0.010215	0.010247	0.010451	0.010203	0.010185	0.010412	0.699134
534	0.010216	0.010245	0.010452	0.010202	0.010185	0.010412	0.6987
535	0.010215	0.010244	0.010453	0.010201	0.010184	0.010411	0.698289
536	0.010215	0.010244	0.010452	0.010201	0.010184	0.010408	0.697835
537	0.010215	0.010245	0.010454	0.0102	0.010184	0.010408	0.697322
538	0.010216	0.010245	0.010453	0.010199	0.010184	0.010408	0.696934
539	0.010217	0.010244	0.010452	0.010201	0.010184	0.010406	0.696523
540	0.010216	0.010243	0.010451	0.010202	0.010184	0.010407	0.696102
541	0.010215	0.010242	0.010449	0.010203	0.010184	0.010406	0.695629
542	0.010215	0.010242	0.010448	0.010202	0.010184	0.010407	0.695233
543	0.010215	0.010243	0.010447	0.010201	0.010184	0.010408	0.694701
544	0.010217	0.010242	0.010448	0.010203	0.010184	0.010408	0.694252
545	0.010218	0.010241	0.010449	0.010204	0.010185	0.010409	0.69379
546	0.010218	0.01024	0.010448	0.010204	0.010185	0.010409	0.693299
547	0.010218	0.010241	0.010448	0.010203	0.010184	0.010411	0.692853
548	0.010218	0.01024	0.010448	0.010201	0.010183	0.010413	0.692413
549	0.010215	0.010241	0.010447	0.0102	0.010182	0.010416	0.69201
550	0.010216	0.010241	0.010448	0.0102	0.01018	0.010416	0.691584
551	0.010215	0.01024	0.010448	0.010202	0.010182	0.010419	0.691175
552	0.010215	0.01024	0.01045	0.010201	0.010181	0.010419	0.690691
553	0.010215	0.01024	0.01045	0.010201	0.010182	0.010419	0.690263
554	0.010213	0.010239	0.010449	0.010201	0.010184	0.010419	0.689785
555	0.010213	0.010237	0.010449	0.010201	0.010183	0.010415	0.689367
556	0.010212	0.010237	0.010448	0.0102	0.010184	0.010411	0.688957
557	0.010212	0.010236	0.010448	0.010201	0.010184	0.01041	0.68856
558	0.010212	0.010234	0.010449	0.0102	0.010184	0.01041	0.688103
559	0.01021	0.010234	0.010449	0.0102	0.010186	0.010408	0.687711
560	0.01021	0.010232	0.010449	0.010199	0.010187	0.01041	0.68724
561	0.01021	0.010232	0.010449	0.010199	0.010188	0.01041	0.686818
562	0.010209	0.010232	0.010448	0.010198	0.010185	0.01041	0.686378
563	0.010209	0.010233	0.010449	0.010199	0.010181	0.010408	0.685948
564	0.01021	0.010232	0.010448	0.010197	0.01018	0.01041	0.685517
565	0.010207	0.010231	0.010446	0.010196	0.010181	0.010408	0.68507
566	0.010207	0.010231	0.010446	0.010198	0.01018	0.010407	0.684691
567	0.010207	0.010229	0.010446	0.010196	0.010178	0.010406	0.68426
568	0.010208	0.010228	0.010446	0.010197	0.01018	0.010408	0.683814
569	0.010209	0.010227	0.010447	0.010196	0.010181	0.010407	0.683414
570	0.010209	0.010226	0.010446	0.010196	0.010182	0.010409	0.682922
571	0.010211	0.010225	0.010445	0.010195	0.010183	0.010406	0.682455
572	0.010212	0.010225	0.010446	0.010195	0.010184	0.010407	0.682042
573	0.010212	0.010224	0.010447	0.010195	0.010184	0.010404	0.681583
574	0.010212	0.010224	0.010448	0.010194	0.010185	0.010405	0.681148
575	0.01021	0.010223	0.010448	0.010194	0.010182	0.010402	0.680765
576	0.010211	0.010223	0.010446	0.010193	0.010183	0.010401	0.680337
577	0.010212	0.010222	0.010446	0.010193	0.010185	0.010402	0.679896
578	0.010213	0.010223	0.010446	0.010194	0.010186	0.010403	0.679453
579	0.010214	0.010221	0.010447	0.010194	0.010186	0.010402	0.679026
580	0.010212	0.010219	0.010447	0.010194	0.010186	0.010402	0.678539
581	0.010213	0.01022	0.010446	0.010195	0.010186	0.010401	0.678182
582	0.010213	0.01022	0.010447	0.010194	0.010188	0.0104	0.677716
583	0.010215	0.010221	0.010445	0.010192	0.010189	0.010402	0.677291
584	0.010214	0.01022	0.010444	0.010192	0.010187	0.010401	0.676809
585	0.010214	0.010219	0.010446	0.010193	0.010188	0.0104	0.676392
586	0.010214	0.010219	0.010445	0.010195	0.010188	0.0104	0.675962
587	0.010213	0.010218	0.010446	0.010194	0.010191	0.0104	0.675565
588	0.010213	0.010218	0.010446	0.010195	0.010191	0.010399	0.67513
589	0.01021	0.010218	0.010444	0.010192	0.010193	0.010399	0.674713
590	0.010209	0.010218	0.010444	0.010192	0.010192	0.0104	0.674289
591	0.010208	0.010218	0.010445	0.010191	0.01019	0.0104	0.673837
592	0.010207	0.010217	0.010445	0.010191	0.010191	0.010403	0.673456
593	0.010208	0.010216	0.010444	0.010191	0.01019	0.010401	0.672995
594	0.010208	0.010216	0.010443	0.010192	0.010193	0.0104	0.672632
595	0.010206	0.010215	0.010442	0.010192	0.010191	0.010401	0.672239
596	0.010207	0.010215	0.010442	0.01019	0.010188	0.010401	0.671765
597	0.010206	0.010213	0.010441	0.010188	0.010189	0.010401	0.671384
598	0.010207	0.010213	0.010442	0.010187	0.010189	0.010403	0.67108
599	0.010208	0.010213	0.010441	0.010187	0.010188	0.010404	0.670538
600	0.010207	0.010212	0.010442	0.010188	0.010187	0.010405	0.670086
601	0.010209	0.010212	0.010441	0.010188	0.010188	0.010405	0.669676
602	0.010209	0.010211	0.010441	0.010189	0.010185	0.010405	0.669288
603	0.010209	0.01021	0.01044	0.010188	0.010185	0.010406	0.668844
604	0.01021	0.010209	0.01044	0.010187	0.010186	0.010407	0.668453
605	0.010212	0.010209	0.01044	0.010187	0.010186	0.010405	0.668063
606	0.010211	0.010208	0.01044	0.010188	0.010185	0.010401	0.667638
607	0.01021	0.010209	0.010442	0.01019	0.010184	0.010403	0.667234
608	0.010208	0.010209	0.010441	0.01019	0.010184	0.010404	0.666842
609	0.010207	0.010209	0.010442	0.010189	0.010184	0.010405	0.666415
610	0.010208	0.010209	0.010442	0.01019	0.010182	0.010403	0.666002
611	0.010208	0.010208	0.010442	0.010188	0.010181	0.010403	0.665556
612	0.010206	0.010208	0.010442	0.010188	0.01018	0.0104	0.665112
613	0.010206	0.010207	0.010441	0.010189	0.010181	0.0104	0.664676
614	0.010204	0.010206	0.010441	0.010188	0.010182	0.010397	0.664203
615	0.010205	0.010207	0.010442	0.010188	0.010181	0.010395	0.663778
616	0.010205	0.010205	0.01044	0.010184	0.010182	0.010394	0.663399
617	0.010206	0.010205	0.010439	0.010184	0.010184	0.010396	0.662999
618	0.010206	0.010206	0.010437	0.010185	0.010185	0.010396	0.662567
619	0.010206	0.010205	0.010436	0.010184	0.010185	0.0104	0.662207
620	0.010206	0.010204	0.010436	0.010184	0.010186	0.010399	0.661737
621	0.010207	0.010203	0.010433	0.010183	0.010187	0.010401	0.661351
622	0.010208	0.010202	0.010433	0.010184	0.010188	0.010402	0.660908
623	0.010209	0.0102	0.010434	0.010184	0.010189	0.010397	0.660447
624	0.010208	0.010201	0.010434	0.010185	0.01019	0.010397	0.659999
625	0.010208	0.010199	0.010434	0.010184	0.010187	0.010398	0.659592
626	0.010207	0.010199	0.010433	0.010185	0.010188	0.010397	0.659169
627	0.010206	0.010198	0.010434	0.010186	0.010185	0.010398	0.658779
628	0.010205	0.010197	0.010435	0.010186	0.010188	0.010397	0.658371
629	0.010205	0.010196	0.010434	0.010187	0.010188	0.010396	0.657977
630	0.010205	0.010196	0.010433	0.010187	0.010187	0.010396	0.657497
631	0.010203	0.010195	0.010431	0.010188	0.010187	0.010396	0.657186
632	0.010202	0.010193	0.010432	0.010189	0.010188	0.010396	0.656849
633	0.010202	0.010193	0.010432	0.010189	0.010189	0.010397	0.65642
634	0.010201	0.010192	0.010433	0.010189	0.010186	0.010397	0.656051
635	0.010203	0.010192	0.010432	0.010187	0.010186	0.010399	0.65564
636	0.010203	0.010192	0.01043	0.010189	0.010186	0.010398	0.655226
637	0.010204	0.010191	0.010429	0.010189	0.010186	0.010397	0.654844
638	0.010205	0.01019	0.010428	0.010189	0.010185	0.010397	0.654413
639	0.010205	0.010189	0.010427	0.01019	0.010186	0.010397	0.654054
640	0.010204	0.010188	0.010427	0.01019	0.010185	0.010399	0.653674
641	0.010204	0.010188	0.010427	0.010191	0.010184	0.0104	0.653274
642	0.010205	0.010187	0.010425	0.01019	0.010184	0.010396	0.652903
643	0.010205	0.010186	0.010425	0.01019	0.010186	0.010393	0.652525
644	0.010205	0.010187	0.010426	0.01019	0.010188	0.010395	0.65212
645	0.010205	0.010186	0.010423	0.010188	0.010187	0.010398	0.651728
646	0.010206	0.010186	0.010424	0.010188	0.010186	0.010399	0.651289
647	0.010207	0.010186	0.010423	0.010188	0.010187	0.010398	0.650883
648	0.010207	0.010185	0.010421	0.010188	0.010186	0.0104	0.650479
649	0.010208	0.010184	0.010423	0.010185	0.010184	0.010401	0.650072
650	0.010208	0.010184	0.010422	0.010186	0.010183	0.010402	0.649656
651	0.010205	0.010184	0.010421	0.010187	0.010184	0.010403	0.649244
652	0.010206	0.010184	0.010419	0.010189	0.010183	0.010403	0.64883
653	0.010206	0.010183	0.01042	0.010189	0.010184	0.010403	0.648472
654	0.010205	0.010181	0.010422	0.010187	0.010184	0.010401	0.647976
655	0.010203	0.010181	0.010423	0.010188	0.010182	0.010402	0.647572
656	0.010202	0.010181	0.010422	0.010189	0.010183	0.010402	0.647169
657	0.010201	0.010181	0.01042	0.010188	0.010181	0.010399	0.64682
658	0.010203	0.01018	0.010422	0.010188	0.010183	0.0104	0.646442
659	0.010202	0.010179	0.010421	0.010189	0.010182	0.0104	0.64607
660	0.010202	0.01018	0.01042	0.010187	0.010182	0.010401	0.645692
661	0.010203	0.010178	0.010419	0.010186	0.010183	0.010402	0.6453
662	0.010201	0.010177	0.010421	0.010187	0.010182	0.010399	0.644902
663	0.0102	0.010177	0.010422	0.010186	0.010183	0.010401	0.644484
664	0.0102	0.010176	0.010419	0.010185	0.010181	0.0104	0.644105
665	0.010199	0.010175	0.010418	0.010186	0.010181	0.010402	0.643709
666	0.010198	0.010174	0.010418	0.010186	0.01018	0.0104	0.643311
667	0.010199	0.010174	0.010417	0.010186	0.01018	0.010401	0.642936
668	0.010197	0.010174	0.010414	0.010188	0.01018	0.010402	0.642621
669	0.0102	0.010175	0.010413	0.010189	0.010178	0.010402	0.642207
670	0.010201	0.010173	0.010412	0.010189	0.010178	0.010401	0.641846
671	0.010199	0.010172	0.010412	0.010191	0.010179	0.010399	0.641467
672	0.010201	0.010171	0.010411	0.01019	0.010182	0.010398	0.641058
673	0.0102	0.010169	0.010412	0.010188	0.010181	0.010398	0.640697
674	0.0102	0.010169	0.010412	0.010188	0.010182	0.010398	0.640329
675	0.010201	0.010168	0.010411	0.010187	0.010182	0.010397	0.63995
676	0.0102	0.010167	0.010411	0.010189	0.010182	0.010396	0.639547
677	0.010202	0.010167	0.010411	0.010188	0.010181	0.010393	0.639204
678	0.0102	0.010166	0.010411	0.010187	0.01018	0.010391	0.638815
679	0.010198	0.010166	0.010409	0.010188	0.01018	0.010395	0.638423
680	0.010198	0.010165	0.01041	0.01019	0.010181	0.010397	0.638024
681	0.010197	0.010165	0.010408	0.010189	0.01018	0.010397	0.637623
682	0.010198	0.010163	0.010408	0.010187	0.01018	0.010398	0.637192
683	0.010197	0.010163	0.010407	0.010188	0.010179	0.010399	0.636816
684	0.010197	0.010161	0.010407	0.01019	0.01018	0.0104	0.636383
685	0.010198	0.01016	0.010406	0.010189	0.010179	0.0104	0.635964
686	0.010196	0.01016	0.010406	0.010189	0.010179	0.010397	0.635584
687	0.010197	0.01016	0.010406	0.010189	0.010179	0.010399	0.63521
688	0.010196	0.01016	0.010405	0.010187	0.010177	0.0104	0.634829
689	0.010199	0.010158	0.010404	0.010186	0.010177	0.010402	0.63439
690	0.010198	0.010156	0.010405	0.010187	0.010175	0.010403	0.633984
691	0.010199	0.010157	0.010404	0.010186	0.010175	0.010402	0.633611
692	0.010199	0.010157	0.010404	0.010186	0.010176	0.010402	0.63322
693	0.010197	0.010155	0.010403	0.010187	0.010177	0.010401	0.63285
694	0.010195	0.010154	0.010405	0.010186	0.010176	0.010401	0.632465
695	0.010194	0.010152	0.010404	0.010186	0.010175	0.010399	0.632059
696	0.010197	0.010152	0.010404	0.010188	0.010174	0.010402	0.631689
697	0.010198	0.010152	0.010404	0.010189	0.010176	0.010403	0.631322
698	0.010197	0.010152	0.010404	0.010188	0.010175	0.0104	0.630992
699	0.010198	0.010151	0.010403	0.010189	0.010175	0.0104	0.630543
700	0.0102	0.010151	0.010401	0.010187	0.010174	0.010402	0.630161
701	0.010199	0.01015	0.010401	0.010186	0.010174	0.010402	0.629817
702	0.010198	0.01015	0.010402	0.010188	0.010174	0.010402	0.629377
703	0.010197	0.010149	0.010401	0.010187	0.010172	0.010401	0.628932
704	0.010199	0.010149	0.0104	0.010187	0.010173	0.010401	0.628495
705	0.010201	0.010148	0.0104	0.010188	0.010174	0.0104	0.628095
706	0.0102	0.010148	0.010399	0.010188	0.010177	0.0104	0.627663
707	0.0102	0.010148	0.010401	0.010188	0.010176	0.010399	0.627223
708	0.0102	0.010146	0.0104	0.010191	0.010177	0.010397	0.626838
709	0.010201	0.010145	0.0104	0.010192	0.010175	0.010399	0.626451
710	0.010199	0.010145	0.010402	0.010191	0.010174	0.0104	0.62611
711	0.010199	0.010145	0.010401	0.01019	0.010175	0.010398	0.625745
712	0.010201	0.010144	0.010401	0.010189	0.010172	0.010398	0.625388
713	0.010201	0.010144	0.0104	0.010188	0.010174	0.010398	0.625011
714	0.010201	0.010142	0.010401	0.010188	0.010173	0.010399	0.624669
715	0.010201	0.010143	0.010401	0.010188	0.010174	0.010399	0.624265
716	0.010202	0.010143	0.010402	0.010187	0.010176	0.010398	0.623848
717	0.010202	0.010144	0.010402	0.010189	0.010174	0.010398	0.623519
718	0.010201	0.010144	0.010402	0.010187	0.010174	0.010401	0.623126
719	0.010199	0.010143	0.010404	0.010189	0.010171	0.010399	0.622783
720	0.0102	0.010143	0.010403	0.010188	0.010169	0.0104	0.622438
721	0.010199	0.010142	0.010403	0.010188	0.010169	0.0104	0.621908
722	0.010198	0.010142	0.010402	0.010188	0.010171	0.010401	0.62155
723	0.0102	0.010141	0.0104	0.010188	0.010171	0.010399	0.621173
724	0.010199	0.010141	0.010402	0.010188	0.010173	0.0104	0.620781
725	0.010197	0.010141	0.010402	0.010189	0.010172	0.010399	0.620378
726	0.010199	0.010141	0.010401	0.010187	0.010175	0.010397	0.620056
727	0.010199	0.010141	0.0104	0.010187	0.010176	0.010397	0.619704
728	0.010198	0.010141	0.0104	0.010187	0.010176	0.010396	0.619272
729	0.010199	0.01014	0.0104	0.010187	0.010174	0.010398	0.618896
730	0.010199	0.01014	0.010399	0.010186	0.010176	0.010397	0.618557
731	0.010199	0.010139	0.010399	0.010187	0.010176	0.010399	0.618154
732	0.010197	0.010139	0.010399	0.010186	0.010174	0.010401	0.617789
733	0.010197	0.010139	0.010397	0.010185	0.010175	0.010402	0.61744
734	0.010197	0.010138	0.010398	0.010184	0.010175	0.010401	0.617067
735	0.010197	0.010136	0.010398	0.010184	0.010174	0.010401	0.616692
736	0.010198	0.010137	0.010398	0.010185	0.010175	0.0104	0.616322
737	0.010197	0.010137	0.010397	0.010185	0.010174	0.010402	0.615965
738	0.010195	0.010137	0.010398	0.010185	0.010173	0.0104	0.615573
739	0.010196	0.010137	0.010399	0.010186	0.010172	0.010402	0.615195
740	0.010197	0.010135	0.010398	0.010185	0.010172	0.010402	0.614767
741	0.010198	0.010135	0.010398	0.010187	0.010174	0.010404	0.614418
742	0.010197	0.010134	0.010398	0.010187	0.010175	0.010402	0.614079
743	0.010196	0.010135	0.010398	0.010186	0.010174	0.0104	0.613634
744	0.010196	0.010135	0.010398	0.010186	0.010172	0.0104	0.613242
745	0.010195	0.010136	0.010398	0.010185	0.010175	0.010399	0.612843
746	0.010193	0.010136	0.010397	0.010185	0.010175	0.010399	0.612418
747	0.010193	0.010136	0.010396	0.010187	0.010177	0.010399	0.612048
748	0.010191	0.010135	0.010396	0.010188	0.010177	0.010398	0.61163
749	0.010191	0.010136	0.010397	0.010187	0.010176	0.010399	0.61125
750	0.010192	0.010136	0.010395	0.010186	0.010176	0.010398	0.61087
751	0.010192	0.010136	0.010395	0.010188	0.010174	0.010398	0.61044
752	0.010191	0.010135	0.010396	0.010188	0.010176	0.010398	0.610088
753	0.010192	0.010136	0.010396	0.010189	0.010176	0.010398	0.609683
754	0.010191	0.010135	0.010395	0.01019	0.010177	0.010396	0.609309
755	0.010192	0.010136	0.010394	0.01019	0.010177	0.010396	0.608951
756	0.010191	0.010135	0.010393	0.01019	0.010177	0.010396	0.608627
757	0.010191	0.010135	0.010394	0.010188	0.010178	0.010394	0.608183
758	0.010193	0.010134	0.010394	0.010189	0.010178	0.010395	0.60776
759	0.010194	0.010135	0.010393	0.010189	0.010177	0.010395	0.607387
760	0.010193	0.010134	0.010393	0.010189	0.010177	0.010398	0.60706
761	0.010194	0.010133	0.010394	0.010188	0.010178	0.010397	0.606698
762	0.010195	0.010134	0.010396	0.010188	0.010176	0.010395	0.606217
763	0.010193	0.010133	0.010397	0.01019	0.010174	0.010394	0.605808
764	0.010194	0.010134	0.010397	0.010189	0.010174	0.010393	0.605433
765	0.010195	0.010133	0.010395	0.01019	0.010174	0.010392	0.605089
766	0.010195	0.010133	0.010395	0.010191	0.010174	0.01039	0.604631
767	0.010193	0.010133	0.010396	0.01019	0.010173	0.010392	0.604263
768	0.010193	0.010132	0.010396	0.010191	0.010174	0.010394	0.603915
769	0.010192	0.01013	0.010395	0.01019	0.010175	0.010394	0.603515
770	0.010191	0.010131	0.010395	0.010191	0.010174	0.010397	0.603115
771	0.01019	0.010131	0.010394	0.010192	0.010172	0.010399	0.602714
772	0.010191	0.010131	0.010393	0.010193	0.010173	0.010399	0.602398
773	0.010191	0.01013	0.010391	0.010193	0.010173	0.010399	0.602006
774	0.010191	0.01013	0.010391	0.010192	0.010172	0.010399	0.601668
775	0.01019	0.01013	0.010389	0.01019	0.010174	0.010397	0.60132
776	0.01019	0.01013	0.01039	0.010191	0.010174	0.010396	0.600929
777	0.010192	0.010129	0.010391	0.010191	0.010175	0.010396	0.600592
778	0.010192	0.010129	0.010391	0.010188	0.010174	0.010399	0.600219
779	0.010193	0.010129	0.01039	0.01019	0.010174	0.010397	0.599831
780	0.010194	0.010129	0.010391	0.010189	0.010173	0.010398	0.599442
781	0.010194	0.010127	0.01039	0.010189	0.010175	0.010396	0.599058
782	0.010195	0.010127	0.010389	0.010189	0.010174	0.010393	0.598692
783	0.010193	0.010128	0.010391	0.010189	0.010175	0.010394	0.598309
784	0.010193	0.010127	0.010392	0.010186	0.010175	0.010395	0.597999
785	0.010194	0.010127	0.010391	0.010187	0.010176	0.010394	0.597638
786	0.010194	0.010128	0.010391	0.010186	0.010175	0.010395	0.597268
787	0.010191	0.010128	0.01039	0.010186	0.010177	0.010397	0.596939
788	0.010191	0.010128	0.01039	0.010185	0.010177	0.010398	0.596533
789	0.010193	0.010129	0.01039	0.010184	0.010176	0.010401	0.596195
790	0.010193	0.010129	0.01039	0.010184	0.010175	0.010404	0.595837
791	0.010193	0.010129	0.01039	0.010183	0.010177	0.010404	0.595532
792	0.010192	0.010128	0.010389	0.010183	0.010176	0.010405	0.595167
793	0.010194	0.010128	0.01039	0.010186	0.010177	0.010403	0.594818
794	0.010195	0.010129	0.010389	0.010186	0.01018	0.0104	0.594439
795	0.010195	0.010129	0.010389	0.010185	0.01018	0.0104	0.59412
796	0.010194	0.010129	0.01039	0.010183	0.010181	0.010401	0.593734
797	0.010193	0.010129	0.01039	0.010184	0.01018	0.010403	0.593414
798	0.010193	0.010129	0.010389	0.010185	0.010181	0.010403	0.593122
799	0.010193	0.010129	0.010389	0.010186	0.010181	0.010401	0.59276
800	0.010191	0.010129	0.010389	0.010183	0.010181	0.010403	0.592482
801	0.010191	0.010128	0.010388	0.010183	0.01018	0.010402	0.592095
802	0.010191	0.010128	0.010389	0.010183	0.01018	0.010403	0.591708
803	0.01019	0.010127	0.010388	0.010183	0.010181	0.010401	0.591294
804	0.010189	0.010128	0.010386	0.010183	0.010178	0.010399	0.590914
805	0.01019	0.010128	0.010386	0.010181	0.010178	0.010398	0.590573
806	0.010189	0.010128	0.010388	0.010182	0.010176	0.0104	0.590271
807	0.010189	0.010128	0.010388	0.01018	0.010175	0.010399	0.589944
808	0.01019	0.010128	0.010388	0.01018	0.010175	0.010397	0.589541
809	0.010188	0.010127	0.010388	0.01018	0.010177	0.010399	0.589155
810	0.010188	0.010126	0.010388	0.010182	0.010177	0.010401	0.588773
811	0.01019	0.010125	0.010387	0.010182	0.010178	0.010399	0.588372
812	0.010191	0.010127	0.010386	0.010183	0.010179	0.010399	0.588061
813	0.01019	0.010127	0.010386	0.010183	0.010177	0.010399	0.587713
814	0.010191	0.010126	0.010387	0.010184	0.010178	0.010398	0.587368
815	0.01019	0.010125	0.010387	0.010184	0.010179	0.010402	0.587043
816	0.010189	0.010125	0.010387	0.010183	0.01018	0.010401	0.586758
817	0.010191	0.010125	0.010388	0.010184	0.010179	0.010402	0.586443
818	0.01019	0.010125	0.010388	0.010183	0.010179	0.010402	0.586087
819	0.010189	0.010125	0.010388	0.010182	0.010179	0.010403	0.585796
820	0.01019	0.010125	0.010387	0.010183	0.010181	0.010403	0.585536
821	0.010189	0.010125	0.010389	0.010182	0.010179	0.010403	0.585241
822	0.010192	0.010125	0.01039	0.010181	0.01018	0.010404	0.584938
823	0.010189	0.010126	0.010388	0.010179	0.01018	0.010403	0.584556
824	0.010189	0.010126	0.010388	0.010179	0.010178	0.010402	0.584193
825	0.010189	0.010124	0.010388	0.010178	0.010178	0.010401	0.583831
826	0.01019	0.010124	0.010388	0.010179	0.010177	0.010398	0.583537
827	0.01019	0.010125	0.010386	0.010181	0.010175	0.0104	0.583219
828	0.01019	0.010126	0.010386	0.010183	0.010175	0.010402	0.582883
829	0.01019	0.010127	0.010387	0.010184	0.010176	0.010398	0.582528
830	0.010189	0.010126	0.010385	0.010184	0.010176	0.010401	0.582223
831	0.010186	0.010125	0.010387	0.010185	0.010175	0.010401	0.581859
832	0.010186	0.010124	0.010387	0.010184	0.010178	0.0104	0.581489
833	0.010186	0.010124	0.010386	0.010186	0.010181	0.010403	0.581061
834	0.010187	0.010125	0.010387	0.010184	0.010181	0.010404	0.580664
835	0.010188	0.010125	0.010388	0.010183	0.01018	0.010404	0.580395
836	0.010186	0.010125	0.010388	0.010182	0.010182	0.010403	0.580032
837	0.010187	0.010124	0.010388	0.010185	0.01018	0.010404	0.579744
838	0.010187	0.010125	0.010388	0.010185	0.010184	0.010403	0.579413
839	0.010188	0.010124	0.010388	0.010186	0.010181	0.010404	0.579029
840	0.010189	0.010123	0.010387	0.010185	0.010179	0.010408	0.578624
841	0.01019	0.010123	0.010387	0.010186	0.010178	0.010408	0.578289
842	0.010191	0.010124	0.010387	0.010185	0.010177	0.010407	0.577978
843	0.010191	0.010123	0.010387	0.010185	0.010178	0.010406	0.57767
844	0.01019	0.010123	0.010386	0.010183	0.010179	0.010403	0.577308
845	0.01019	0.010123	0.010386	0.010183	0.010178	0.010404	0.576958
846	0.01019	0.010123	0.010385	0.010182	0.010179	0.010401	0.576603
847	0.01019	0.010123	0.010386	0.010184	0.01018	0.010396	0.576254
848	0.01019	0.010122	0.010385	0.010185	0.010179	0.010398	0.575885
849	0.01019	0.010123	0.010386	0.010185	0.010178	0.0104	0.575535
850	0.010189	0.010122	0.010386	0.010186	0.01018	0.010398	0.57516
851	0.010189	0.010122	0.010386	0.010184	0.010181	0.0104	0.574804
852	0.010187	0.010121	0.010386	0.010182	0.010181	0.010398	0.574464
853	0.010189	0.01012	0.010385	0.010184	0.01018	0.0104	0.574063
854	0.01019	0.010122	0.010386	0.010185	0.010179	0.010402	0.573673
855	0.010189	0.010123	0.010385	0.010185	0.010179	0.010403	0.573367
856	0.010188	0.010122	0.010383	0.010184	0.010179	0.010403	0.572973
857	0.010189	0.010122	0.010383	0.010184	0.010178	0.010403	0.572691
858	0.010188	0.010122	0.010383	0.010184	0.010178	0.0104	0.572345
859	0.010189	0.010122	0.010382	0.010185	0.010176	0.010398	0.572002
860	0.010188	0.010122	0.010381	0.010185	0.010175	0.010398	0.571627
861	0.010189	0.01012	0.010381	0.010184	0.010176	0.010398	0.571291
862	0.010189	0.01012	0.010382	0.010183	0.010177	0.010399	0.570885
863	0.01019	0.010121	0.010382	0.010183	0.010175	0.0104	0.570487
864	0.01019	0.01012	0.010382	0.010183	0.010174	0.010401	0.570167
865	0.010191	0.010119	0.01038	0.010182	0.010175	0.010401	0.569743
866	0.010191	0.010121	0.010379	0.010182	0.010175	0.0104	0.569337
867	0.010192	0.01012	0.010379	0.010182	0.010174	0.010396	0.569005
868	0.010192	0.010121	0.010378	0.010181	0.010173	0.010397	0.568586
869	0.010192	0.010121	0.010378	0.010181	0.010173	0.010398	0.568207
870	0.010192	0.010121	0.010379	0.010182	0.010174	0.010397	0.567853
871	0.010192	0.010121	0.010379	0.01018	0.010174	0.010397	0.567456
872	0.010192	0.010121	0.010379	0.01018	0.010174	0.010397	0.567097
873	0.010191	0.01012	0.010379	0.010181	0.010173	0.010396	0.566825
874	0.01019	0.010119	0.01038	0.01018	0.010176	0.010393	0.566492
875	0.01019	0.010119	0.010379	0.01018	0.010177	0.010394	0.56616
876	0.010189	0.01012	0.010381	0.010179	0.010176	0.010393	0.565811
877	0.01019	0.01012	0.010382	0.010178	0.010174	0.010392	0.565525
878	0.01019	0.01012	0.010383	0.010177	0.010174	0.010393	0.565152
879	0.01019	0.010119	0.010381	0.01018	0.010175	0.010391	0.564791
880	0.010193	0.010119	0.01038	0.010181	0.010173	0.010392	0.564462
881	0.010192	0.010118	0.010379	0.010181	0.010171	0.010394	0.564162
882	0.01019	0.010118	0.010378	0.010181	0.010172	0.010392	0.563833
883	0.010191	0.010119	0.010377	0.010181	0.010174	0.010392	0.5635
884	0.01019	0.010119	0.010377	0.01018	0.010174	0.010391	0.563244
885	0.010189	0.010118	0.010376	0.010181	0.010176	0.010391	0.562823
886	0.010189	0.010119	0.010377	0.010183	0.010175	0.010392	0.562519
887	0.010188	0.010119	0.010377	0.010184	0.010173	0.010394	0.562151
888	0.01019	0.010118	0.010376	0.010185	0.010176	0.010392	0.561838
889	0.010192	0.010118	0.010377	0.010185	0.010178	0.010392	0.561513
890	0.010191	0.010119	0.010375	0.010184	0.010178	0.010392	0.56118
891	0.010191	0.010119	0.010374	0.010183	0.010179	0.010393	0.560816
892	0.010191	0.010118	0.010373	0.010181	0.010176	0.010392	0.560464
893	0.010189	0.010118	0.010375	0.010182	0.010177	0.010391	0.560143
894	0.010189	0.010118	0.010375	0.010182	0.010176	0.010391	0.559772
895	0.010189	0.010119	0.010376	0.010183	0.010176	0.010392	0.559448
896	0.010189	0.01012	0.010376	0.010183	0.010176	0.010394	0.559058
897	0.010189	0.010121	0.010375	0.010182	0.010176	0.010394	0.558715
898	0.010189	0.010121	0.010375	0.010181	0.010176	0.010395	0.558285
899	0.010187	0.01012	0.010375	0.010182	0.010173	0.010396	0.557954
900	0.010186	0.010121	0.010375	0.010183	0.010175	0.010397	0.557579
901	0.010187	0.010121	0.010375	0.010183	0.010177	0.010397	0.557217
902	0.010187	0.01012	0.010376	0.010183	0.010179	0.010396	0.556796
903	0.010188	0.010119	0.010375	0.010182	0.010178	0.010393	0.556407
904	0.010187	0.010118	0.010376	0.010183	0.010176	0.010392	0.556081
905	0.010189	0.010118	0.010376	0.010182	0.010177	0.010392	0.555693
906	0.010189	0.010118	0.010375	0.010182	0.010176	0.010391	0.555365
907	0.010187	0.010117	0.010374	0.01018	0.010176	0.010391	0.555052
908	0.010188	0.010116	0.010375	0.01018	0.010177	0.010391	0.554736
909	0.010189	0.010117	0.010374	0.010179	0.010174	0.010392	0.554422
910	0.010189	0.010116	0.010374	0.01018	0.010175	0.010394	0.554101
911	0.01019	0.010115	0.010375	0.010179	0.010175	0.010392	0.55385
912	0.01019	0.010116	0.010374	0.010178	0.010173	0.010394	0.553497
913	0.010189	0.010116	0.010372	0.010178	0.010173	0.010398	0.553134
914	0.01019	0.010117	0.010371	0.010179	0.010173	0.010397	0.55281
915	0.010189	0.010116	0.010372	0.010179	0.010173	0.010399	0.552487
916	0.010188	0.010116	0.010373	0.010179	0.010173	0.010397	0.552216
917	0.010186	0.010114	0.010373	0.01018	0.010172	0.010398	0.551865
918	0.010187	0.010114	0.010373	0.010182	0.010172	0.010398	0.551549
919	0.010188	0.010114	0.010373	0.010181	0.010174	0.0104	0.551256
920	0.010188	0.010114	0.010374	0.010182	0.010174	0.010402	0.550941
921	0.010188	0.010115	0.010374	0.010184	0.010175	0.010404	0.550634
922	0.010188	0.010116	0.010375	0.010183	0.010177	0.010406	0.550292
923	0.010187	0.010116	0.010375	0.010183	0.010178	0.010406	0.549967
924	0.010186	0.010115	0.010376	0.010183	0.010177	0.010404	0.549627
925	0.010187	0.010116	0.010376	0.010183	0.010179	0.010403	0.549338
926	0.010187	0.010116	0.010375	0.01018	0.010177	0.010401	0.549013
927	0.010188	0.010116	0.010376	0.010182	0.010176	0.010401	0.548722
928	0.010191	0.010118	0.010377	0.010184	0.010175	0.010401	0.548428
929	0.01019	0.010117	0.010377	0.010186	0.010174	0.0104	0.548099
930	0.010188	0.010116	0.010377	0.010185	0.010172	0.010399	0.547788
931	0.010187	0.010117	0.010377	0.010184	0.010172	0.010399	0.547482
932	0.010187	0.010118	0.010377	0.010184	0.01017	0.010397	0.547124
933	0.010185	0.010118	0.010378	0.010183	0.01017	0.010401	0.546802
934	0.010185	0.010117	0.010377	0.010183	0.010169	0.010404	0.546477
935	0.010186	0.010117	0.010376	0.010183	0.010169	0.010403	0.546186
936	0.010186	0.010117	0.010377	0.010182	0.010171	0.010404	0.545918
937	0.010185	0.010117	0.010378	0.010183	0.01017	0.010406	0.54555
938	0.010184	0.010118	0.010379	0.010182	0.010173	0.010406	0.545164
939	0.010183	0.010116	0.010377	0.010183	0.010172	0.010404	0.544799
940	0.010182	0.010116	0.010376	0.010183	0.010173	0.010407	0.544442
941	0.010182	0.010116	0.010376	0.010183	0.010175	0.010407	0.544133
942	0.010182	0.010117	0.010375	0.010183	0.010176	0.01041	0.543802
943	0.010181	0.010116	0.010375	0.010185	0.010176	0.010408	0.543576
944	0.010181	0.010116	0.010375	0.010184	0.010177	0.010411	0.543226
945	0.010183	0.010116	0.010375	0.010184	0.010179	0.01041	0.542968
946	0.010184	0.010117	0.010375	0.010182	0.01018	0.010407	0.542612
947	0.010185	0.010116	0.010375	0.010182	0.010178	0.010408	0.542324
948	0.010186	0.010117	0.010375	0.010181	0.010175	0.010405	0.542018
949	0.010185	0.010116	0.010374	0.010181	0.010174	0.010407	0.541668
950	0.010184	0.010116	0.010373	0.010182	0.010174	0.010408	0.541348
951	0.010185	0.010117	0.010373	0.010181	0.010176	0.010408	0.541002
952	0.010184	0.010118	0.010375	0.010182	0.010176	0.010405	0.540684
953	0.010181	0.010117	0.010374	0.010182	0.010174	0.010406	0.540423
954	0.010182	0.010118	0.010371	0.010183	0.010173	0.010406	0.540098
955	0.010182	0.010117	0.010371	0.010183	0.010174	0.010406	0.539741
956	0.010181	0.010117	0.010372	0.010182	0.010175	0.010404	0.539405
957	0.01018	0.010117	0.010372	0.010181	0.010176	0.010405	0.539107
958	0.010181	0.010117	0.010371	0.010181	0.010174	0.010403	0.538779
959	0.010182	0.010116	0.010372	0.010182	0.010173	0.010401	0.538451
960	0.010182	0.010116	0.010372	0.010181	0.010172	0.010401	0.538137
961	0.010183	0.010116	0.010371	0.010179	0.01017	0.010402	0.537867
962	0.010184	0.010117	0.010373	0.01018	0.010171	0.010401	0.537561
963	0.010184	0.010117	0.010373	0.010181	0.010171	0.010403	0.537256
964	0.010181	0.010117	0.010373	0.01018	0.010171	0.010402	0.536903
965	0.010181	0.010117	0.010372	0.01018	0.01017	0.0104	0.536578
966	0.010182	0.010117	0.010374	0.010179	0.010171	0.010401	0.536261
967	0.010182	0.010117	0.010374	0.010181	0.010171	0.010402	0.535948
968	0.010181	0.010117	0.010373	0.010181	0.010173	0.010399	0.535618
969	0.010181	0.010116	0.010373	0.010181	0.010173	0.010401	0.53527
970	0.010181	0.010116	0.010373	0.01018	0.010174	0.0104	0.534988
971	0.010181	0.010116	0.010373	0.010179	0.010176	0.010403	0.534643
972	0.010179	0.010116	0.010375	0.010179	0.010176	0.010404	0.53433
973	0.01018	0.010116	0.010374	0.010181	0.010174	0.010403	0.534028
974	0.010181	0.010116	0.010374	0.01018	0.010175	0.0104	0.533708
975	0.010182	0.010116	0.010374	0.01018	0.010176	0.010401	0.533435
976	0.010182	0.010116	0.010372	0.010181	0.010175	0.0104	0.5331
977	0.010181	0.010115	0.010373	0.01018	0.010174	0.010402	0.532756
978	0.01018	0.010114	0.010373	0.010182	0.010176	0.010401	0.532479
979	0.01018	0.010115	0.010373	0.01018	0.010175	0.010403	0.53215
980	0.010181	0.010116	0.010372	0.010183	0.010175	0.0104	0.531793
981	0.010182	0.010115	0.010372	0.010181	0.010176	0.010399	0.53145
982	0.010182	0.010114	0.01037	0.010181	0.010176	0.010396	0.531173
983	0.010182	0.010115	0.010369	0.010181	0.010175	0.010397	0.530827
984	0.010183	0.010116	0.010368	0.010184	0.010175	0.010397	0.530508
985	0.010184	0.010115	0.010368	0.010181	0.010177	0.010398	0.530172
986	0.010184	0.010116	0.010368	0.01018	0.010176	0.010399	0.529842
987	0.010184	0.010116	0.01037	0.010181	0.010177	0.010399	0.529526
988	0.010184	0.010116	0.010369	0.010181	0.010178	0.010399	0.529169
989	0.010185	0.010117	0.010369	0.010182	0.01018	0.010398	0.528843
990	0.010185	0.010117	0.010367	0.010181	0.010177	0.010399	0.528581
991	0.010185	0.010116	0.010368	0.010181	0.010175	0.010399	0.528231
992	0.010183	0.010115	0.010368	0.01018	0.010174	0.010396	0.527953
993	0.010182	0.010115	0.010369	0.010181	0.010173	0.010398	0.527665
994	0.010183	0.010114	0.010369	0.01018	0.010173	0.010397	0.527346
995	0.010181	0.010115	0.01037	0.010181	0.010174	0.010397	0.527091
996	0.010184	0.010114	0.010368	0.010181	0.010176	0.010396	0.526767
997	0.010185	0.010115	0.010369	0.010182	0.010176	0.010395	0.526483
998	0.010187	0.010114	0.010369	0.010181	0.010178	0.010398	0.526162
999	0.010186	0.010115	0.01037	0.01018	0.010176	0.010399	0.525826
1000	0.010188	0.010115	0.010369	0.010179	0.010175	0.010396	0.525524
