Time step,Uncertainty,Uncertainty,Uncertainty,Uncertainty,Uncertainty,Uncertainty,Uncertainty
,dynamic,f=36,f=30,f=24,f=18,f=15,f=12
1,0.995029,0.98298,0.977042,0.967306,0.971892,0.980584,0.994929
2,0.986859,0.969889,0.958811,0.94298,0.950137,0.96677,0.992374
3,0.975169,0.957454,0.943791,0.923559,0.930833,0.953851,0.990153
4,0.960939,0.946174,0.930611,0.908277,0.913857,0.941,0.98801
5,0.944035,0.936133,0.919441,0.896012,0.898913,0.928822,0.986128
6,0.927345,0.92703,0.909303,0.885031,0.885737,0.917242,0.984226
7,0.910233,0.91856,0.900415,0.875675,0.873479,0.906466,0.98232
8,0.894089,0.911103,0.892288,0.867088,0.862406,0.895677,0.980313
9,0.87895,0.90364,0.884572,0.859538,0.853168,0.885337,0.978391
10,0.865099,0.896768,0.87669,0.851981,0.844137,0.876164,0.976663
11,0.852266,0.889697,0.869483,0.844386,0.835898,0.867281,0.974803
12,0.840678,0.882789,0.862746,0.836758,0.828028,0.858725,0.97289
13,0.829887,0.876084,0.85619,0.828681,0.820175,0.850316,0.970947
14,0.820061,0.869571,0.849614,0.820952,0.813236,0.842274,0.969086
15,0.811104,0.86292,0.843173,0.813565,0.806123,0.834457,0.967081
16,0.802766,0.856179,0.836702,0.806397,0.799472,0.82688,0.965277
17,0.794795,0.850122,0.830182,0.798918,0.792422,0.819323,0.963241
18,0.787315,0.844195,0.823762,0.791925,0.78583,0.812175,0.96121
19,0.780007,0.838094,0.81776,0.785156,0.779245,0.805111,0.959318
20,0.772983,0.832064,0.811298,0.778285,0.772614,0.798178,0.957456
21,0.766295,0.826153,0.804708,0.771489,0.766237,0.791546,0.955497
22,0.759359,0.819859,0.798486,0.765022,0.759723,0.785487,0.95346
23,0.752694,0.813486,0.792411,0.758503,0.753229,0.779322,0.951551
24,0.745792,0.807594,0.786298,0.751984,0.746962,0.773072,0.949575
25,0.739445,0.801309,0.780286,0.745598,0.740828,0.766984,0.947639
26,0.732992,0.795031,0.773937,0.739162,0.734417,0.761091,0.945715
27,0.726479,0.78884,0.767831,0.732509,0.728292,0.755297,0.943793
28,0.719945,0.782183,0.762145,0.725822,0.722234,0.749367,0.941875
29,0.713299,0.775635,0.756307,0.719286,0.716164,0.743815,0.940082
30,0.706232,0.76926,0.750435,0.713004,0.710066,0.738126,0.938225
31,0.699723,0.762979,0.744343,0.706575,0.703922,0.732637,0.93648
32,0.693318,0.756692,0.738075,0.699947,0.698042,0.727127,0.934587
33,0.686369,0.750587,0.73198,0.69307,0.691942,0.721857,0.932678
34,0.680017,0.744449,0.725509,0.686348,0.68573,0.716306,0.930967
35,0.673653,0.738496,0.719312,0.679106,0.679674,0.711032,0.929223
36,0.667208,0.732597,0.712529,0.672429,0.673429,0.705745,0.927366
37,0.660749,0.726583,0.705856,0.665746,0.667123,0.700411,0.925568
38,0.654691,0.720357,0.699721,0.658906,0.660851,0.694981,0.923694
39,0.648386,0.713956,0.693415,0.652011,0.654566,0.68967,0.92178
40,0.641833,0.7075,0.686872,0.645142,0.648498,0.684325,0.920022
41,0.635393,0.701177,0.680666,0.638564,0.642429,0.67874,0.918178
42,0.628859,0.69495,0.674557,0.631684,0.636507,0.673489,0.916466
43,0.62233,0.688873,0.668295,0.625116,0.630398,0.668105,0.914534
44,0.615662,0.6826,0.662102,0.618473,0.624251,0.662525,0.912753
45,0.609137,0.67653,0.65587,0.612127,0.61779,0.657218,0.91095
46,0.602862,0.670298,0.649283,0.605333,0.611373,0.65161,0.909119
47,0.595995,0.664353,0.642677,0.598711,0.605224,0.646079,0.907211
48,0.589522,0.65811,0.636219,0.592036,0.599214,0.640439,0.905449
49,0.583086,0.652194,0.629989,0.585652,0.593545,0.634882,0.903555
50,0.576639,0.645955,0.623484,0.579197,0.587862,0.629232,0.901738
51,0.569918,0.639574,0.61742,0.572374,0.581796,0.623943,0.899817
52,0.56359,0.633736,0.611408,0.565717,0.575748,0.618399,0.898059
53,0.557379,0.62762,0.605256,0.559048,0.569777,0.612986,0.896288
54,0.551014,0.621408,0.599491,0.552157,0.563704,0.607474,0.894518
55,0.544347,0.615337,0.593343,0.545622,0.557561,0.602128,0.892705
56,0.537691,0.609346,0.587632,0.538965,0.551355,0.596854,0.890846
57,0.530997,0.603108,0.581698,0.532245,0.545276,0.591522,0.888923
58,0.524117,0.596888,0.576087,0.525602,0.539218,0.586246,0.887144
59,0.517129,0.591038,0.570074,0.51885,0.533291,0.58115,0.885455
60,0.510237,0.585336,0.564202,0.512205,0.527473,0.575828,0.883709
61,0.503279,0.579297,0.558223,0.505511,0.521272,0.570379,0.881894
62,0.49638,0.573317,0.552212,0.498596,0.51505,0.564935,0.880063
63,0.489887,0.567371,0.545864,0.491895,0.509061,0.55947,0.878204
64,0.483118,0.561622,0.539658,0.485584,0.502816,0.554347,0.87632
65,0.476403,0.555745,0.533209,0.478919,0.496764,0.548982,0.87453
66,0.469823,0.550025,0.526561,0.472458,0.490807,0.543443,0.872719
67,0.463133,0.544181,0.520307,0.465729,0.484547,0.538197,0.870969
68,0.456616,0.538142,0.514134,0.458898,0.47862,0.532579,0.869152
69,0.449987,0.532435,0.507753,0.452586,0.472591,0.527,0.867302
70,0.443264,0.52647,0.501469,0.445897,0.466852,0.521337,0.865419
71,0.436606,0.520442,0.495074,0.439225,0.460954,0.515664,0.863682
72,0.430026,0.514801,0.488925,0.433292,0.454676,0.510049,0.861989
73,0.423475,0.509189,0.482706,0.426866,0.448707,0.504492,0.860129
74,0.417052,0.503653,0.476151,0.420785,0.44256,0.499059,0.858373
75,0.410613,0.498047,0.470135,0.414205,0.436449,0.493436,0.856766
76,0.403955,0.492186,0.464039,0.408076,0.430372,0.487888,0.854959
77,0.397236,0.486713,0.457696,0.401501,0.424148,0.482379,0.853192
78,0.390813,0.481395,0.451488,0.395106,0.418418,0.476613,0.851473
79,0.384437,0.475747,0.44541,0.38886,0.412213,0.470902,0.849614
80,0.378106,0.470262,0.439463,0.382551,0.405878,0.46553,0.847825
81,0.371863,0.464509,0.433729,0.376544,0.399741,0.460065,0.845998
82,0.3658,0.459198,0.427789,0.370368,0.393505,0.454872,0.844281
83,0.359581,0.453669,0.422039,0.363909,0.387044,0.449585,0.842474
84,0.353211,0.448053,0.416147,0.357646,0.381177,0.444202,0.840842
85,0.347025,0.442695,0.410631,0.35133,0.375002,0.439029,0.839106
86,0.340999,0.437236,0.404737,0.344958,0.368899,0.433527,0.837271
87,0.335034,0.431702,0.398791,0.338934,0.362722,0.42822,0.835548
88,0.328652,0.426577,0.392721,0.332845,0.356695,0.42278,0.833852
89,0.322654,0.420867,0.386646,0.326434,0.350611,0.41716,0.832181
90,0.316386,0.415213,0.380936,0.320408,0.344574,0.411466,0.830311
91,0.309884,0.409584,0.375118,0.314133,0.338299,0.405792,0.828611
92,0.303606,0.404114,0.369169,0.308059,0.331857,0.400524,0.826784
93,0.29724,0.398333,0.363373,0.301939,0.325622,0.395071,0.824958
94,0.290957,0.392809,0.357428,0.296012,0.319238,0.389505,0.823105
95,0.284272,0.387288,0.351552,0.29029,0.313126,0.384206,0.821273
96,0.277516,0.381809,0.345628,0.284388,0.306833,0.378586,0.819394
97,0.271141,0.376141,0.339914,0.278682,0.300418,0.373013,0.817554
98,0.264424,0.370767,0.334156,0.27282,0.293714,0.36732,0.81583
99,0.257517,0.365249,0.328502,0.266801,0.287501,0.361394,0.81392
100,0.250721,0.360122,0.322956,0.260852,0.280922,0.355827,0.812103
101,0.244022,0.354982,0.317405,0.254532,0.274908,0.350358,0.810403
102,0.237723,0.349385,0.311918,0.24841,0.268828,0.344676,0.808728
103,0.231736,0.343838,0.306193,0.242344,0.262672,0.339159,0.806888
104,0.22566,0.338515,0.300574,0.236321,0.256339,0.333402,0.805229
105,0.219565,0.33315,0.29531,0.230175,0.250186,0.327528,0.803449
106,0.213272,0.327403,0.289791,0.224256,0.243784,0.321631,0.801738
107,0.207116,0.321744,0.284293,0.218387,0.237773,0.315767,0.800092
108,0.200886,0.316473,0.278964,0.212186,0.23145,0.310137,0.798463
109,0.194931,0.310883,0.273497,0.206361,0.225396,0.304394,0.796699
110,0.18913,0.305279,0.268048,0.200313,0.21925,0.298435,0.794921
111,0.183008,0.300018,0.262428,0.194568,0.212976,0.292776,0.793266
112,0.177087,0.294622,0.257085,0.188685,0.20663,0.287256,0.791567
113,0.170915,0.289243,0.251259,0.182913,0.200491,0.281553,0.789591
114,0.16482,0.283761,0.245504,0.177161,0.19449,0.276028,0.787926
115,0.158664,0.27819,0.239908,0.171525,0.188562,0.270334,0.786211
116,0.152732,0.272625,0.234319,0.165572,0.182771,0.264884,0.784569
117,0.146637,0.267412,0.228288,0.159415,0.176805,0.259507,0.782783
118,0.1408,0.262028,0.222355,0.153057,0.170761,0.254119,0.781154
119,0.135053,0.25628,0.216466,0.147014,0.164805,0.248847,0.779647
120,0.12927,0.25086,0.210687,0.141261,0.158679,0.243314,0.777915
121,0.123897,0.245284,0.205097,0.135742,0.152835,0.238102,0.776257
122,0.11853,0.239723,0.199279,0.130446,0.14716,0.232796,0.77459
123,0.113393,0.234687,0.193631,0.124901,0.14181,0.227656,0.772963
124,0.108406,0.229648,0.187662,0.119723,0.136588,0.222656,0.77131
125,0.103486,0.224737,0.181936,0.114557,0.131404,0.217811,0.769771
126,0.098643,0.219861,0.176371,0.10926,0.126356,0.213008,0.768159
127,0.093841,0.215003,0.17085,0.104182,0.121475,0.208063,0.766522
128,0.089134,0.21026,0.16533,0.099314,0.116779,0.203411,0.764897
129,0.084548,0.205319,0.159981,0.094637,0.112179,0.198716,0.763268
130,0.080387,0.200541,0.154956,0.090133,0.107664,0.19398,0.761644
131,0.076249,0.196035,0.149766,0.085676,0.103416,0.189285,0.759966
132,0.072359,0.191679,0.144644,0.081534,0.09923,0.184719,0.758394
133,0.068415,0.186975,0.139957,0.077492,0.095213,0.180378,0.756802
134,0.064679,0.182578,0.135073,0.073424,0.091253,0.176265,0.755282
135,0.060988,0.178256,0.130509,0.069458,0.08743,0.172152,0.753703
136,0.057566,0.17375,0.126019,0.065665,0.083717,0.168156,0.752125
137,0.054369,0.169096,0.121424,0.062279,0.08004,0.164111,0.750431
138,0.051275,0.16463,0.116889,0.058979,0.076697,0.16014,0.748903
139,0.048483,0.16009,0.112359,0.055785,0.073428,0.156245,0.747393
140,0.045847,0.15589,0.107853,0.052882,0.070301,0.152573,0.745859
141,0.043242,0.151549,0.103535,0.049949,0.067179,0.149032,0.744292
142,0.040839,0.14736,0.099393,0.047256,0.064171,0.145344,0.742777
143,0.038582,0.143248,0.095444,0.044652,0.061345,0.141806,0.741275
144,0.036529,0.139541,0.09159,0.042147,0.058744,0.138403,0.739766
145,0.034677,0.135692,0.087867,0.039733,0.05592,0.135012,0.738194
146,0.032924,0.131867,0.084282,0.037564,0.053373,0.131746,0.736634
147,0.031351,0.127929,0.080802,0.035394,0.05093,0.128451,0.735027
148,0.02978,0.124093,0.077447,0.03325,0.048518,0.125546,0.733637
149,0.028287,0.120312,0.074348,0.031359,0.046235,0.122388,0.732065
150,0.026927,0.116454,0.071212,0.029594,0.044197,0.119442,0.73052
151,0.025762,0.11264,0.068199,0.027942,0.042337,0.116626,0.729086
152,0.024637,0.108859,0.065131,0.026357,0.040497,0.113802,0.727459
153,0.023644,0.10536,0.062202,0.024999,0.038715,0.111085,0.725921
154,0.022703,0.101925,0.059406,0.023784,0.037118,0.108489,0.724319
155,0.021771,0.098502,0.056647,0.022669,0.035589,0.105967,0.722893
156,0.020993,0.095329,0.054016,0.021693,0.034037,0.103564,0.721342
157,0.020161,0.092157,0.051568,0.020767,0.032608,0.101075,0.719761
158,0.019429,0.0892,0.049324,0.019955,0.031288,0.098673,0.718284
159,0.018733,0.086423,0.047108,0.019187,0.030072,0.096284,0.716841
160,0.018134,0.083677,0.045076,0.018492,0.028916,0.094006,0.715422
161,0.017587,0.081131,0.04323,0.017915,0.027809,0.091663,0.71411
162,0.017089,0.078589,0.041455,0.01738,0.026729,0.089397,0.712603
163,0.01662,0.076181,0.039888,0.016871,0.025753,0.08735,0.711096
164,0.016191,0.073492,0.038318,0.016421,0.024844,0.0852,0.709642
165,0.015784,0.071332,0.03689,0.016004,0.023979,0.083235,0.708263
166,0.015445,0.069047,0.035511,0.015589,0.023203,0.081258,0.706693
167,0.015099,0.066977,0.034224,0.015232,0.022463,0.079325,0.705142
168,0.014789,0.065024,0.033049,0.014887,0.021742,0.077428,0.703872
169,0.014486,0.063179,0.031959,0.014583,0.021061,0.075613,0.702534
170,0.014247,0.061224,0.030989,0.014327,0.020486,0.073871,0.701116
171,0.014008,0.059524,0.030048,0.014062,0.019905,0.072157,0.699733
172,0.013778,0.057949,0.029178,0.013818,0.019356,0.070467,0.698419
173,0.013594,0.056402,0.028364,0.013601,0.018868,0.06882,0.696972
174,0.013399,0.054933,0.027616,0.013396,0.018387,0.067235,0.695465
175,0.013212,0.053448,0.026922,0.013199,0.017931,0.065679,0.69414
176,0.013025,0.052038,0.026243,0.013012,0.017464,0.064166,0.692638
177,0.012848,0.0507,0.025602,0.012824,0.017049,0.062708,0.691175
178,0.012681,0.049469,0.024987,0.012663,0.016665,0.061341,0.689754
179,0.012531,0.048234,0.024452,0.012521,0.016291,0.059979,0.688476
180,0.012402,0.047015,0.02391,0.012395,0.015947,0.058653,0.687111
181,0.012266,0.04595,0.023392,0.012271,0.015623,0.05739,0.685593
182,0.012144,0.044809,0.022837,0.012153,0.015325,0.056142,0.684201
183,0.012024,0.043736,0.022366,0.012049,0.015054,0.054951,0.682826
184,0.011921,0.042816,0.021902,0.011963,0.014792,0.053769,0.681307
185,0.011819,0.041918,0.021424,0.011871,0.014543,0.052586,0.679952
186,0.011724,0.041035,0.021053,0.011781,0.014292,0.051454,0.678614
187,0.011641,0.040254,0.020624,0.011705,0.014076,0.050346,0.677189
188,0.011545,0.039467,0.020186,0.011628,0.013868,0.049242,0.675708
189,0.011463,0.03869,0.019792,0.011556,0.013661,0.048152,0.674304
190,0.011391,0.037898,0.019361,0.011484,0.013468,0.047115,0.672956
191,0.011323,0.037096,0.018993,0.011416,0.013285,0.046147,0.671694
192,0.011264,0.036395,0.018573,0.01136,0.013128,0.045142,0.670214
193,0.011205,0.035694,0.018241,0.011307,0.012967,0.044203,0.668848
194,0.011154,0.034989,0.01792,0.01126,0.012834,0.043291,0.667496
195,0.011101,0.034265,0.017583,0.011214,0.012681,0.042425,0.666042
196,0.011057,0.033572,0.017271,0.011168,0.012543,0.041577,0.664615
197,0.011014,0.032884,0.016991,0.01113,0.012417,0.040738,0.663163
198,0.010972,0.032132,0.016713,0.011095,0.012299,0.039935,0.661654
199,0.010936,0.031398,0.016436,0.011057,0.012185,0.039122,0.660198
200,0.010905,0.030669,0.016206,0.011023,0.012083,0.038365,0.658862
201,0.010875,0.029923,0.015971,0.010997,0.011982,0.03761,0.657525
202,0.010844,0.029175,0.015699,0.01097,0.01189,0.03687,0.656308
203,0.010816,0.028477,0.015454,0.010944,0.011798,0.036111,0.654973
204,0.010791,0.027772,0.015211,0.010917,0.011708,0.035377,0.653635
205,0.010769,0.027147,0.015003,0.010895,0.011626,0.034721,0.652297
206,0.010743,0.0266,0.014808,0.010873,0.011553,0.034089,0.651063
207,0.010723,0.026035,0.0146,0.010854,0.011482,0.03342,0.649768
208,0.010703,0.025524,0.014413,0.010834,0.011414,0.032806,0.648524
209,0.010685,0.025033,0.014254,0.010815,0.01135,0.032197,0.64717
210,0.010671,0.02458,0.014099,0.010797,0.011292,0.031579,0.645756
211,0.010655,0.02418,0.013952,0.01078,0.011234,0.031032,0.644485
212,0.010638,0.02383,0.013799,0.010763,0.01118,0.030496,0.643139
213,0.010625,0.023487,0.013674,0.01075,0.011128,0.029933,0.641782
214,0.01061,0.02316,0.013534,0.010736,0.011083,0.029389,0.640434
215,0.010596,0.022851,0.01343,0.010724,0.011043,0.028837,0.639179
216,0.010583,0.022556,0.01333,0.01071,0.010996,0.028346,0.637875
217,0.010569,0.02226,0.013233,0.010699,0.010952,0.02784,0.636563
218,0.010558,0.021982,0.013139,0.010689,0.01091,0.027383,0.635259
219,0.010548,0.021724,0.013043,0.010677,0.010872,0.02692,0.633946
220,0.010538,0.02147,0.012952,0.01067,0.010838,0.02645,0.632519
221,0.010529,0.021208,0.012882,0.010659,0.010805,0.026013,0.631231
222,0.010518,0.020976,0.0128,0.01065,0.01078,0.025579,0.629914
223,0.010509,0.020751,0.012736,0.010641,0.010746,0.025172,0.628696
224,0.010501,0.020526,0.012658,0.010633,0.01072,0.024771,0.627386
225,0.010492,0.020282,0.012592,0.010623,0.010696,0.024373,0.626234
226,0.010482,0.020066,0.012536,0.010615,0.010674,0.024006,0.624973
227,0.010476,0.019856,0.012471,0.010609,0.010653,0.023632,0.623644
228,0.010467,0.019654,0.012409,0.010602,0.010634,0.023268,0.622404
229,0.010462,0.019449,0.012346,0.010594,0.010613,0.022923,0.621165
230,0.010456,0.01926,0.012289,0.010589,0.010595,0.022588,0.619969
231,0.01045,0.019076,0.012244,0.010582,0.010573,0.022252,0.618641
232,0.010444,0.01889,0.012189,0.010576,0.010558,0.021926,0.617359
233,0.010439,0.018732,0.012141,0.010569,0.010546,0.02161,0.616123
234,0.010433,0.018556,0.012097,0.010566,0.01053,0.02131,0.614764
235,0.010428,0.018393,0.012058,0.010559,0.010512,0.021,0.613491
236,0.010423,0.01823,0.012014,0.010556,0.010497,0.020695,0.612134
237,0.010421,0.018074,0.011976,0.010552,0.010483,0.020406,0.610946
238,0.010415,0.017932,0.01194,0.010547,0.01047,0.020129,0.609777
239,0.010411,0.017791,0.011904,0.010543,0.010463,0.01985,0.608594
240,0.010405,0.017655,0.011869,0.010539,0.010448,0.019583,0.607318
241,0.010402,0.017513,0.011832,0.010535,0.01044,0.019339,0.606113
242,0.010399,0.017369,0.011797,0.01053,0.01043,0.019073,0.604753
243,0.010395,0.017235,0.011768,0.010527,0.010422,0.018825,0.603507
244,0.01039,0.017108,0.011734,0.010525,0.01041,0.01858,0.602119
245,0.010387,0.016987,0.011707,0.01052,0.010402,0.018357,0.601014
246,0.010384,0.016868,0.011677,0.010518,0.010396,0.018107,0.599783
247,0.010382,0.01675,0.011649,0.010515,0.010386,0.017888,0.59839
248,0.01038,0.016647,0.011626,0.010511,0.010377,0.017658,0.597197
249,0.010376,0.016534,0.0116,0.010508,0.01037,0.017437,0.59593
250,0.010373,0.016422,0.011577,0.010504,0.010363,0.017235,0.594506
251,0.010371,0.016311,0.011556,0.0105,0.010358,0.017043,0.593416
252,0.010367,0.016202,0.011533,0.010496,0.010351,0.016845,0.592259
253,0.010364,0.016093,0.011514,0.010492,0.010345,0.016646,0.591013
254,0.010361,0.015994,0.011493,0.010489,0.010335,0.016474,0.58982
255,0.01036,0.015902,0.011474,0.010487,0.010329,0.016296,0.58864
256,0.010356,0.0158,0.011457,0.010485,0.010325,0.016129,0.587307
257,0.010353,0.015703,0.011438,0.01048,0.010321,0.015955,0.586041
258,0.010353,0.015612,0.011422,0.010476,0.010316,0.015796,0.584747
259,0.010352,0.015516,0.011406,0.010473,0.010314,0.015642,0.583603
260,0.010348,0.015428,0.011395,0.010468,0.010309,0.015485,0.582473
261,0.010347,0.015347,0.011382,0.010467,0.010304,0.01534,0.581308
262,0.010345,0.015261,0.011369,0.010462,0.010299,0.015203,0.580122
263,0.010343,0.015188,0.011356,0.010461,0.010295,0.015058,0.578931
264,0.010342,0.015108,0.011342,0.010457,0.010294,0.014931,0.577725
265,0.01034,0.015034,0.011329,0.010454,0.01029,0.014787,0.576499
266,0.010339,0.01496,0.011315,0.010452,0.010287,0.01466,0.575328
267,0.010336,0.014884,0.011302,0.010449,0.010284,0.014544,0.574101
268,0.010334,0.014814,0.011289,0.010445,0.010281,0.01442,0.572943
269,0.010332,0.014744,0.011278,0.010444,0.010279,0.014309,0.571817
270,0.010328,0.014667,0.011268,0.010442,0.010276,0.014196,0.570738
271,0.010325,0.014602,0.011255,0.01044,0.010275,0.014087,0.569712
272,0.010324,0.014542,0.011245,0.010437,0.010273,0.013977,0.568474
273,0.010323,0.014481,0.011232,0.010436,0.01027,0.013876,0.567358
274,0.010321,0.014419,0.01122,0.010435,0.010266,0.013777,0.56617
275,0.010318,0.014353,0.011209,0.010433,0.010265,0.013676,0.565022
276,0.010319,0.014292,0.011197,0.01043,0.010263,0.013578,0.563918
277,0.010316,0.014229,0.011186,0.010429,0.01026,0.013477,0.562775
278,0.010315,0.014165,0.011175,0.010427,0.010258,0.013396,0.561629
279,0.010314,0.014109,0.011164,0.010425,0.010255,0.0133,0.56053
280,0.010313,0.014044,0.011151,0.010425,0.010253,0.013213,0.559427
281,0.010312,0.013987,0.011137,0.010422,0.010253,0.01312,0.55838
282,0.01031,0.013926,0.011125,0.010419,0.01025,0.013038,0.557244
283,0.010309,0.013876,0.011113,0.010415,0.010249,0.012961,0.55614
284,0.010307,0.013825,0.011104,0.010414,0.010247,0.01289,0.554938
285,0.010306,0.013773,0.011093,0.010411,0.010247,0.012805,0.553775
286,0.010305,0.013719,0.011082,0.01041,0.010246,0.012738,0.552729
287,0.010305,0.013674,0.01107,0.010409,0.010245,0.012669,0.551604
288,0.010304,0.01363,0.01106,0.010407,0.010243,0.012602,0.550552
289,0.010303,0.013586,0.011052,0.010406,0.010242,0.012538,0.549322
290,0.010303,0.013546,0.011044,0.010404,0.01024,0.012479,0.548168
291,0.010303,0.013502,0.011035,0.010401,0.010239,0.012414,0.547004
292,0.010303,0.013461,0.011027,0.010399,0.010239,0.012351,0.545859
293,0.010302,0.013419,0.011019,0.010397,0.010239,0.012295,0.544786
294,0.010301,0.013387,0.011011,0.010397,0.010239,0.012238,0.543678
295,0.010299,0.013349,0.011004,0.010395,0.010237,0.012178,0.542645
296,0.010296,0.013314,0.010997,0.010392,0.010234,0.012126,0.541578
297,0.010294,0.013278,0.01099,0.01039,0.010232,0.012077,0.540451
298,0.010292,0.01324,0.010981,0.010388,0.010231,0.012024,0.539341
299,0.010292,0.013206,0.010973,0.010384,0.01023,0.011972,0.538243
300,0.010292,0.013176,0.010968,0.010383,0.010229,0.011919,0.537208
301,0.010291,0.013144,0.010961,0.010381,0.010228,0.011877,0.536037
302,0.010291,0.013109,0.010952,0.010381,0.010228,0.011836,0.534957
303,0.010291,0.013078,0.010946,0.01038,0.010227,0.011794,0.533909
304,0.010289,0.013042,0.010939,0.010378,0.010225,0.011751,0.532801
305,0.010288,0.013007,0.010931,0.010377,0.010224,0.011707,0.531708
306,0.010288,0.012971,0.010922,0.010377,0.010224,0.011663,0.530593
307,0.010287,0.01294,0.010917,0.010377,0.010221,0.011614,0.529518
308,0.010286,0.012905,0.010912,0.010377,0.010222,0.011572,0.528403
309,0.010286,0.012875,0.010905,0.010376,0.010222,0.011538,0.527389
310,0.010282,0.012843,0.010899,0.010376,0.01022,0.011503,0.526406
311,0.010283,0.012808,0.010892,0.010375,0.010217,0.011472,0.525399
312,0.010283,0.012773,0.010887,0.010375,0.010216,0.011441,0.524332
313,0.01028,0.012743,0.01088,0.010374,0.010212,0.011406,0.523278
314,0.010279,0.012717,0.010875,0.010373,0.01021,0.011372,0.522137
315,0.01028,0.012691,0.01087,0.01037,0.010208,0.011336,0.521098
316,0.010278,0.012664,0.010865,0.010368,0.010208,0.011303,0.519994
317,0.010277,0.012639,0.010861,0.010366,0.010207,0.011274,0.518902
318,0.010277,0.012614,0.010857,0.010365,0.010206,0.011246,0.517863
319,0.010275,0.012589,0.010851,0.010365,0.010204,0.011221,0.516805
320,0.010272,0.012564,0.010846,0.010362,0.010206,0.011198,0.515844
321,0.010272,0.012541,0.010842,0.010362,0.010206,0.011174,0.514827
322,0.010272,0.012517,0.010838,0.010358,0.010205,0.011148,0.51377
323,0.010271,0.012496,0.010834,0.010358,0.010204,0.011123,0.512631
324,0.01027,0.012473,0.010831,0.010356,0.010202,0.011102,0.511675
325,0.01027,0.012452,0.010827,0.010353,0.010203,0.01108,0.510604
326,0.010269,0.012434,0.010822,0.01035,0.010202,0.011057,0.509521
327,0.010269,0.012412,0.010817,0.010348,0.010202,0.011034,0.50853
328,0.010268,0.012392,0.010814,0.010348,0.010203,0.011013,0.50752
329,0.010267,0.012369,0.01081,0.010348,0.0102,0.010996,0.506476
330,0.010267,0.012349,0.010806,0.010346,0.010202,0.010979,0.505495
331,0.010265,0.012329,0.010803,0.010344,0.010201,0.010963,0.504502
332,0.010263,0.012307,0.010801,0.010341,0.0102,0.010938,0.503398
333,0.010262,0.012285,0.010799,0.010339,0.010201,0.010919,0.502319
334,0.010262,0.012268,0.010795,0.010337,0.0102,0.0109,0.501426
335,0.01026,0.012249,0.010793,0.010336,0.010198,0.010884,0.500399
336,0.01026,0.012228,0.010789,0.010336,0.010197,0.01087,0.499421
337,0.010261,0.012202,0.010786,0.010336,0.010199,0.010859,0.498389
338,0.010259,0.01218,0.010781,0.010333,0.010199,0.010843,0.497399
339,0.01026,0.012155,0.010779,0.010331,0.010198,0.010832,0.49644
340,0.01026,0.012129,0.010777,0.010332,0.010198,0.010819,0.495411
341,0.01026,0.012105,0.010775,0.010332,0.010199,0.010805,0.49447
342,0.010259,0.012082,0.010772,0.010331,0.010197,0.010788,0.49346
343,0.010261,0.012061,0.01077,0.010328,0.010198,0.010775,0.492431
344,0.01026,0.012041,0.010767,0.010327,0.010197,0.010762,0.491484
345,0.01026,0.01202,0.010766,0.010325,0.010196,0.010753,0.490508
346,0.01026,0.012,0.010765,0.010326,0.010196,0.010739,0.489558
347,0.010258,0.011985,0.010763,0.010324,0.010195,0.010728,0.48866
348,0.010257,0.011966,0.010762,0.010325,0.010193,0.010718,0.487784
349,0.010257,0.011945,0.010758,0.010325,0.010195,0.01071,0.486759
350,0.010256,0.011927,0.010758,0.010325,0.010194,0.010698,0.485736
351,0.010256,0.011911,0.010756,0.010325,0.010194,0.010689,0.48474
352,0.010256,0.011895,0.010755,0.010323,0.010193,0.010679,0.483841
353,0.010257,0.011878,0.010752,0.010324,0.010194,0.010667,0.482945
354,0.010256,0.011861,0.01075,0.010322,0.010192,0.010656,0.481968
355,0.010256,0.011843,0.010748,0.010322,0.010191,0.010653,0.480937
356,0.010254,0.011827,0.010747,0.010322,0.010192,0.010645,0.479922
357,0.010253,0.011813,0.010746,0.010321,0.010193,0.010634,0.47905
358,0.010252,0.011799,0.010744,0.010319,0.010191,0.010629,0.478102
359,0.010252,0.011784,0.010742,0.010318,0.010192,0.010621,0.477174
360,0.010251,0.011772,0.010741,0.010319,0.010193,0.010612,0.476176
361,0.010251,0.011755,0.01074,0.010319,0.010194,0.010603,0.475267
362,0.01025,0.011741,0.010741,0.010319,0.010194,0.010593,0.474377
363,0.01025,0.011726,0.010739,0.010319,0.010194,0.010587,0.473413
364,0.010249,0.011713,0.010737,0.010317,0.010194,0.010576,0.472416
365,0.010251,0.011703,0.010736,0.010316,0.010196,0.01057,0.471466
366,0.010251,0.011691,0.010735,0.010314,0.010197,0.010562,0.470606
367,0.010249,0.011676,0.010733,0.010313,0.010198,0.010556,0.469722
368,0.010247,0.011665,0.010731,0.010312,0.010199,0.010552,0.468738
369,0.010248,0.011652,0.010731,0.010312,0.010198,0.010548,0.467781
370,0.010247,0.011641,0.01073,0.010311,0.010198,0.010544,0.466932
371,0.010247,0.01163,0.01073,0.010312,0.010198,0.010541,0.466055
372,0.010246,0.011619,0.010729,0.010313,0.010198,0.010534,0.465158
373,0.010245,0.011608,0.010728,0.010312,0.010197,0.010526,0.46426
374,0.010243,0.011596,0.010726,0.01031,0.010196,0.010518,0.463331
375,0.010242,0.011586,0.010725,0.01031,0.010196,0.010513,0.462422
376,0.01024,0.011573,0.010723,0.01031,0.010196,0.010512,0.461524
377,0.010239,0.011559,0.01072,0.010309,0.010195,0.010507,0.460623
378,0.01024,0.011544,0.010719,0.010308,0.010196,0.010502,0.459809
379,0.01024,0.011534,0.010717,0.010307,0.010195,0.010497,0.458892
380,0.01024,0.011524,0.010716,0.010308,0.010196,0.010489,0.45798
381,0.010241,0.011516,0.010715,0.010306,0.010196,0.010485,0.457137
382,0.010241,0.011505,0.010713,0.010307,0.010195,0.01048,0.456239
383,0.01024,0.011495,0.010714,0.010307,0.010197,0.010478,0.455355
384,0.01024,0.011485,0.010713,0.010307,0.010196,0.010477,0.454397
385,0.010242,0.011472,0.010712,0.010305,0.010196,0.010471,0.453594
386,0.010243,0.011462,0.01071,0.010305,0.010197,0.010466,0.452717
387,0.010242,0.011452,0.01071,0.010304,0.010197,0.010462,0.451814
388,0.010243,0.011442,0.01071,0.010305,0.010197,0.01046,0.450987
389,0.010243,0.011433,0.010708,0.010304,0.010195,0.010455,0.450118
390,0.010243,0.011422,0.010709,0.010304,0.010195,0.010452,0.449263
391,0.010243,0.011409,0.010709,0.010304,0.010195,0.010448,0.448399
392,0.010243,0.011402,0.010708,0.010302,0.010195,0.010444,0.447467
393,0.010242,0.011391,0.010707,0.010301,0.010194,0.010441,0.44653
394,0.01024,0.011382,0.010706,0.010301,0.010192,0.010439,0.445701
395,0.010239,0.011372,0.010704,0.010301,0.010191,0.010438,0.444872
396,0.010239,0.011364,0.010704,0.0103,0.010191,0.010434,0.443957
397,0.010238,0.011354,0.010704,0.0103,0.010192,0.01043,0.443108
398,0.010238,0.011345,0.010703,0.0103,0.010194,0.010429,0.44224
399,0.010236,0.011336,0.010703,0.010299,0.010195,0.010426,0.441382
400,0.010236,0.011326,0.010702,0.010299,0.010195,0.010423,0.440574
401,0.010237,0.011319,0.010703,0.0103,0.010195,0.010421,0.439707
402,0.010237,0.011309,0.010702,0.010301,0.010195,0.010416,0.438899
403,0.010236,0.011297,0.010701,0.010301,0.010194,0.010415,0.438033
404,0.010236,0.011289,0.0107,0.0103,0.010193,0.010412,0.437226
405,0.010236,0.011278,0.010698,0.010301,0.010193,0.010408,0.436398
406,0.010237,0.011271,0.010698,0.010303,0.010193,0.010404,0.435557
407,0.010235,0.011261,0.010698,0.010301,0.010192,0.010404,0.434743
408,0.010233,0.011251,0.010698,0.010301,0.010192,0.010403,0.433906
409,0.010231,0.011243,0.010697,0.0103,0.010193,0.010403,0.433134
410,0.010231,0.011232,0.010697,0.010298,0.010193,0.010401,0.432238
411,0.010231,0.011224,0.010693,0.010295,0.010194,0.010398,0.431435
412,0.01023,0.011213,0.010691,0.010296,0.010196,0.010398,0.430607
413,0.01023,0.011202,0.010692,0.010298,0.010193,0.010396,0.429755
414,0.01023,0.011191,0.01069,0.010296,0.010191,0.010396,0.428911
415,0.010229,0.011182,0.010689,0.010297,0.01019,0.010395,0.428134
416,0.010229,0.011173,0.010689,0.010296,0.010191,0.01039,0.4273
417,0.010229,0.011167,0.010688,0.010298,0.010191,0.010391,0.426545
418,0.01023,0.011152,0.010688,0.010298,0.01019,0.010391,0.425708
419,0.01023,0.011141,0.010687,0.010298,0.01019,0.010391,0.424835
420,0.010228,0.011131,0.010687,0.010298,0.010189,0.010389,0.424005
421,0.010228,0.011121,0.010685,0.010297,0.010189,0.010386,0.423126
422,0.010227,0.01111,0.010684,0.010296,0.01019,0.010384,0.422298
423,0.010228,0.011103,0.010684,0.010297,0.010189,0.010383,0.421523
424,0.010226,0.011094,0.010684,0.010296,0.010189,0.010382,0.420635
425,0.010227,0.011086,0.010685,0.010296,0.010189,0.010383,0.41983
426,0.010225,0.011077,0.010684,0.010296,0.010189,0.010381,0.419103
427,0.010224,0.011068,0.010683,0.010295,0.01019,0.010377,0.418305
428,0.010224,0.011061,0.010682,0.010296,0.01019,0.010376,0.417486
429,0.010224,0.011054,0.01068,0.010297,0.010191,0.010374,0.416697
430,0.010226,0.011048,0.010679,0.010298,0.01019,0.010373,0.415951
431,0.010225,0.011043,0.010677,0.010296,0.010188,0.010374,0.41506
432,0.010225,0.011036,0.010675,0.010297,0.010188,0.010371,0.414248
433,0.010225,0.011031,0.010674,0.010295,0.010188,0.010369,0.413428
434,0.010226,0.011025,0.010672,0.010295,0.010187,0.01037,0.412617
435,0.010227,0.011017,0.010671,0.010295,0.010187,0.010369,0.411889
436,0.010226,0.011011,0.010669,0.010294,0.010186,0.010369,0.411072
437,0.010228,0.011003,0.010669,0.010295,0.010186,0.010368,0.410375
438,0.010227,0.010995,0.010668,0.010294,0.010186,0.010367,0.409602
439,0.010225,0.010988,0.010668,0.010294,0.010186,0.010369,0.408805
440,0.010224,0.010983,0.010666,0.010291,0.010186,0.01037,0.408045
441,0.010225,0.010979,0.010666,0.010291,0.010185,0.010368,0.407333
442,0.010222,0.010973,0.010664,0.010292,0.010184,0.010371,0.406593
443,0.010222,0.010967,0.010664,0.010291,0.010183,0.01037,0.405862
444,0.010222,0.010962,0.010664,0.010291,0.010182,0.01037,0.405139
445,0.010221,0.010956,0.010664,0.010292,0.010182,0.010371,0.404355
446,0.01022,0.01095,0.010663,0.010291,0.010182,0.010372,0.403624
447,0.01022,0.010944,0.010661,0.010293,0.010183,0.010369,0.402903
448,0.01022,0.010938,0.010661,0.010294,0.010181,0.010366,0.402067
449,0.01022,0.010934,0.010659,0.010294,0.010181,0.010367,0.401269
450,0.01022,0.010929,0.010659,0.010294,0.010182,0.010369,0.400546
451,0.010219,0.010922,0.010658,0.010293,0.010182,0.010369,0.399776
452,0.01022,0.010917,0.010658,0.010294,0.010181,0.010366,0.398958
453,0.01022,0.010911,0.010657,0.010293,0.010182,0.010367,0.398211
454,0.010221,0.010905,0.010655,0.010292,0.010181,0.010363,0.397466
455,0.01022,0.0109,0.010656,0.010292,0.010181,0.010364,0.396737
456,0.010221,0.010896,0.010655,0.010291,0.010182,0.010365,0.395952
457,0.010222,0.010891,0.010654,0.010293,0.010181,0.010365,0.395208
458,0.010221,0.010886,0.010654,0.010292,0.01018,0.010365,0.394468
459,0.010221,0.010879,0.010653,0.010292,0.01018,0.010364,0.393652
460,0.010219,0.010874,0.010652,0.01029,0.010179,0.010362,0.392848
461,0.01022,0.010868,0.010652,0.010292,0.01018,0.010361,0.39206
462,0.01022,0.010864,0.010651,0.010291,0.01018,0.010358,0.391426
463,0.01022,0.010859,0.010652,0.010292,0.010179,0.010358,0.390717
464,0.010221,0.010854,0.010652,0.010291,0.010177,0.010357,0.38999
465,0.01022,0.010851,0.010652,0.010292,0.010178,0.010357,0.389224
466,0.01022,0.010847,0.01065,0.010292,0.010181,0.010355,0.388476
467,0.010219,0.010842,0.01065,0.010291,0.010182,0.010355,0.387727
468,0.01022,0.010839,0.010648,0.010292,0.010181,0.010355,0.38695
469,0.010221,0.010836,0.010649,0.010291,0.010178,0.010356,0.386221
470,0.010222,0.010833,0.010649,0.010294,0.010179,0.010357,0.385493
471,0.010221,0.010829,0.010648,0.010295,0.010178,0.010358,0.384756
472,0.010222,0.010824,0.010649,0.010294,0.010177,0.010354,0.384025
473,0.010221,0.01082,0.010648,0.010294,0.010178,0.010356,0.383303
474,0.010222,0.010817,0.010646,0.010293,0.010177,0.010352,0.382619
475,0.010222,0.010815,0.010646,0.010293,0.010175,0.010351,0.381915
476,0.010224,0.010811,0.010645,0.010294,0.010175,0.010348,0.381232
477,0.010227,0.010809,0.010644,0.010294,0.010175,0.010346,0.380459
478,0.010225,0.010804,0.010645,0.010293,0.010175,0.010346,0.379714
479,0.010225,0.010802,0.010644,0.010294,0.010176,0.010346,0.379033
480,0.010223,0.0108,0.010643,0.010293,0.010175,0.010347,0.378341
481,0.010223,0.010798,0.010643,0.010293,0.010176,0.010347,0.37768
482,0.010223,0.010794,0.010643,0.010292,0.010176,0.010348,0.377031
483,0.010223,0.01079,0.010642,0.010294,0.010178,0.010346,0.37632
484,0.010223,0.010788,0.010642,0.010293,0.010178,0.010347,0.37561
485,0.010222,0.010784,0.010641,0.010292,0.010175,0.010349,0.374916
486,0.010223,0.010781,0.010641,0.01029,0.010175,0.010349,0.374218
487,0.010225,0.010779,0.01064,0.01029,0.010175,0.01035,0.373418
488,0.010226,0.010777,0.010639,0.010288,0.010176,0.010349,0.372739
489,0.010226,0.010774,0.010639,0.010289,0.010177,0.010349,0.372033
490,0.010225,0.010772,0.010637,0.010287,0.010178,0.010349,0.371363
491,0.010225,0.01077,0.010638,0.010286,0.010178,0.010348,0.370714
492,0.010223,0.010769,0.010637,0.010287,0.010175,0.010347,0.370028
493,0.010224,0.010768,0.010637,0.010286,0.010176,0.010348,0.369278
494,0.010223,0.010766,0.010636,0.010286,0.010178,0.010349,0.368592
495,0.010223,0.010765,0.010635,0.010288,0.010177,0.010352,0.367896
496,0.010222,0.010763,0.010634,0.010289,0.010179,0.010352,0.367167
497,0.010222,0.01076,0.010633,0.010288,0.010178,0.010353,0.366412
498,0.010221,0.010758,0.010631,0.010288,0.010177,0.010355,0.365715
499,0.010221,0.010754,0.010629,0.010289,0.010176,0.010355,0.364946
500,0.010221,0.010753,0.010628,0.010289,0.010177,0.010353,0.364219
501,0.010221,0.010752,0.010627,0.010287,0.010178,0.010354,0.363525
502,0.010221,0.01075,0.010627,0.010287,0.010179,0.010355,0.362869
503,0.010219,0.010748,0.010626,0.010289,0.01018,0.010354,0.362182
504,0.010219,0.010745,0.010626,0.01029,0.010181,0.010353,0.361554
505,0.010218,0.010744,0.010625,0.010289,0.010179,0.010352,0.360884
506,0.010217,0.010741,0.010623,0.010289,0.010178,0.010353,0.360186
507,0.010219,0.01074,0.010622,0.010287,0.01018,0.010355,0.359489
508,0.010219,0.010738,0.010621,0.010284,0.01018,0.010354,0.358876
509,0.010218,0.010735,0.010621,0.010286,0.010181,0.010354,0.358175
510,0.010218,0.010733,0.010619,0.010286,0.010177,0.010352,0.357531
511,0.010218,0.010731,0.010619,0.010286,0.010179,0.010352,0.356831
512,0.010217,0.010729,0.010619,0.010286,0.010179,0.010351,0.356192
513,0.010215,0.01073,0.010619,0.010285,0.010178,0.010351,0.355549
514,0.010215,0.010728,0.010617,0.010284,0.010179,0.010352,0.354864
515,0.010216,0.010727,0.010615,0.010284,0.01018,0.010352,0.354239
516,0.010217,0.010724,0.010614,0.010285,0.010181,0.010353,0.35358
517,0.010216,0.010723,0.010612,0.010285,0.010183,0.010357,0.352965
518,0.010213,0.010721,0.010611,0.010285,0.010183,0.010356,0.352263
519,0.010212,0.010718,0.010609,0.010285,0.010182,0.010356,0.351615
520,0.01021,0.010717,0.010607,0.010287,0.010183,0.010355,0.350941
521,0.010212,0.010716,0.010607,0.010286,0.010184,0.010354,0.350282
522,0.010213,0.010714,0.010607,0.010286,0.010184,0.010352,0.349654
523,0.010215,0.010712,0.010606,0.010287,0.010183,0.010352,0.348968
524,0.010214,0.010711,0.010605,0.010286,0.010183,0.010352,0.348248
525,0.010215,0.01071,0.010603,0.010287,0.010183,0.010354,0.3476
526,0.010216,0.010708,0.010601,0.010287,0.010182,0.010354,0.346938
527,0.010217,0.010707,0.0106,0.010286,0.01018,0.010352,0.346233
528,0.010216,0.010704,0.0106,0.010286,0.010181,0.010354,0.345591
529,0.010213,0.010703,0.010599,0.010285,0.010179,0.010354,0.344937
530,0.010214,0.010701,0.010598,0.010284,0.010179,0.010356,0.344259
531,0.010213,0.010698,0.010598,0.010285,0.01018,0.010352,0.343593
532,0.010213,0.010697,0.010597,0.010285,0.010181,0.010352,0.342965
533,0.010214,0.010694,0.010596,0.010285,0.010181,0.010354,0.342283
534,0.010214,0.010691,0.010596,0.010284,0.01018,0.010355,0.34165
535,0.010214,0.010689,0.010596,0.010285,0.01018,0.010356,0.341026
536,0.010213,0.010687,0.010596,0.010286,0.010181,0.010354,0.340382
537,0.010215,0.010684,0.010595,0.010286,0.01018,0.010353,0.339711
538,0.010215,0.010683,0.010596,0.010285,0.01018,0.010352,0.33902
539,0.010216,0.010681,0.010596,0.010288,0.01018,0.010352,0.338333
540,0.010216,0.010679,0.010594,0.010287,0.010179,0.01035,0.337649
541,0.010215,0.010678,0.010594,0.010287,0.010178,0.01035,0.336946
542,0.010212,0.010675,0.010593,0.010287,0.010178,0.010352,0.33631
543,0.010211,0.010673,0.010591,0.010286,0.010176,0.010351,0.335705
544,0.010209,0.01067,0.010591,0.010287,0.010176,0.010352,0.33509
545,0.010208,0.010668,0.010591,0.010289,0.010177,0.010353,0.334424
546,0.010209,0.010666,0.010589,0.010288,0.010178,0.010352,0.333794
547,0.010208,0.010664,0.010588,0.010288,0.010176,0.010354,0.333141
548,0.010208,0.010663,0.010587,0.010288,0.010177,0.010352,0.332478
549,0.010209,0.010661,0.010586,0.010287,0.010175,0.010353,0.331868
550,0.010209,0.01066,0.010586,0.010287,0.010174,0.010352,0.331273
551,0.010208,0.010658,0.010585,0.010286,0.010173,0.010353,0.330706
552,0.010207,0.010658,0.010586,0.010287,0.010174,0.010355,0.330098
553,0.010205,0.010656,0.010586,0.010288,0.010173,0.010352,0.329498
554,0.010206,0.010654,0.010585,0.010288,0.010175,0.010352,0.328922
555,0.010205,0.010652,0.010584,0.010287,0.010176,0.010354,0.328375
556,0.010205,0.01065,0.010582,0.010287,0.010176,0.010355,0.327707
557,0.010206,0.010648,0.010581,0.010286,0.010176,0.010356,0.327131
558,0.010207,0.010646,0.010581,0.010285,0.010176,0.010356,0.326436
559,0.010205,0.010645,0.010581,0.010286,0.010177,0.010355,0.325813
560,0.010207,0.010643,0.010581,0.010287,0.010176,0.010355,0.3252
561,0.010207,0.01064,0.01058,0.010285,0.010175,0.010356,0.324556
562,0.010205,0.010638,0.010579,0.010284,0.010174,0.010355,0.324036
563,0.010206,0.010637,0.010578,0.010283,0.010174,0.010355,0.323432
564,0.010205,0.010636,0.010578,0.010284,0.010175,0.010357,0.322864
565,0.010204,0.010634,0.010577,0.010285,0.010174,0.010359,0.322264
566,0.010205,0.010634,0.010576,0.010282,0.010175,0.010357,0.321638
567,0.010204,0.010632,0.010576,0.010282,0.010177,0.010355,0.321032
568,0.010204,0.010631,0.010575,0.010281,0.010178,0.010356,0.320407
569,0.010204,0.01063,0.010575,0.01028,0.010177,0.010357,0.319765
570,0.010204,0.010628,0.010575,0.010282,0.010178,0.010356,0.319139
571,0.010205,0.010626,0.010574,0.010282,0.010178,0.010356,0.318605
572,0.010209,0.010625,0.010574,0.010282,0.010177,0.010354,0.318066
573,0.010208,0.010624,0.010573,0.01028,0.010175,0.010354,0.317527
574,0.010207,0.010621,0.010572,0.010281,0.010174,0.010351,0.316966
575,0.010208,0.01062,0.010571,0.01028,0.010174,0.010351,0.316408
576,0.010205,0.010618,0.010571,0.010281,0.010175,0.010352,0.315816
577,0.010207,0.010618,0.01057,0.01028,0.010173,0.01035,0.315227
578,0.010206,0.010614,0.01057,0.010281,0.010174,0.01035,0.314565
579,0.010209,0.010613,0.01057,0.010281,0.010173,0.010352,0.313995
580,0.010208,0.010612,0.010571,0.01028,0.010173,0.01035,0.313371
581,0.010208,0.010613,0.01057,0.010279,0.010174,0.010351,0.312721
582,0.010208,0.010612,0.010571,0.010279,0.010175,0.01035,0.312136
583,0.01021,0.010611,0.010571,0.010279,0.010175,0.010349,0.311561
584,0.010209,0.01061,0.010569,0.010279,0.010176,0.010352,0.311008
585,0.010211,0.010609,0.010568,0.010279,0.010177,0.010352,0.310454
586,0.01021,0.010608,0.010568,0.010279,0.010176,0.01035,0.309902
587,0.010209,0.010607,0.010567,0.010279,0.010177,0.010351,0.309283
588,0.010209,0.010606,0.010567,0.010281,0.010176,0.010351,0.308703
589,0.010209,0.010606,0.010568,0.01028,0.010175,0.010349,0.308179
590,0.010208,0.010604,0.010567,0.010279,0.010175,0.010349,0.307641
591,0.010208,0.010604,0.010565,0.01028,0.010175,0.010349,0.307101
592,0.010209,0.010604,0.010564,0.010279,0.010177,0.010349,0.306582
593,0.010208,0.010603,0.010564,0.010279,0.010177,0.010352,0.306033
594,0.010209,0.010602,0.010564,0.010278,0.010176,0.01035,0.305528
595,0.01021,0.010602,0.010565,0.010279,0.010175,0.01035,0.304943
596,0.010211,0.010601,0.010565,0.010279,0.010174,0.01035,0.304356
597,0.010212,0.0106,0.010565,0.010278,0.010174,0.01035,0.303772
598,0.010213,0.010597,0.010565,0.010279,0.010173,0.010353,0.303235
599,0.010212,0.010596,0.010566,0.010279,0.010172,0.010352,0.302675
600,0.010211,0.010593,0.010567,0.010277,0.010172,0.010353,0.302098
601,0.010211,0.010592,0.010566,0.010277,0.010171,0.01035,0.301573
602,0.010209,0.010591,0.010565,0.010279,0.01017,0.01035,0.301029
603,0.010211,0.01059,0.010565,0.010278,0.010169,0.010347,0.300422
604,0.010212,0.010589,0.010564,0.010279,0.010167,0.010348,0.299917
605,0.010212,0.010587,0.010565,0.010278,0.010169,0.01035,0.299358
606,0.010214,0.010586,0.010565,0.010279,0.010168,0.01035,0.298797
607,0.010213,0.010585,0.010564,0.010279,0.010167,0.010352,0.298285
608,0.010214,0.010584,0.010563,0.010278,0.010167,0.010352,0.297714
609,0.010213,0.010582,0.010564,0.010278,0.010166,0.010353,0.297171
610,0.010213,0.010582,0.010563,0.010279,0.010166,0.010351,0.296636
611,0.010214,0.010582,0.010563,0.01028,0.010166,0.010352,0.296092
612,0.010213,0.010581,0.010563,0.010279,0.010166,0.010352,0.295559
613,0.010211,0.010579,0.010563,0.01028,0.010165,0.010352,0.294948
614,0.01021,0.010578,0.010563,0.01028,0.010165,0.010352,0.294384
615,0.010209,0.010577,0.010562,0.01028,0.010166,0.01035,0.293955
616,0.01021,0.010577,0.01056,0.010279,0.010165,0.010352,0.293387
617,0.010211,0.010577,0.010559,0.010281,0.010167,0.010356,0.292925
618,0.01021,0.010576,0.010558,0.010282,0.010168,0.010352,0.292432
619,0.010207,0.010576,0.010558,0.01028,0.01017,0.010352,0.29193
620,0.010207,0.010574,0.010559,0.010278,0.01017,0.010351,0.291402
621,0.010208,0.010572,0.010558,0.010276,0.010171,0.01035,0.290815
622,0.010209,0.010572,0.010558,0.010275,0.010169,0.010347,0.290337
623,0.010209,0.010572,0.010558,0.010275,0.01017,0.01035,0.289823
624,0.010208,0.010572,0.010558,0.010276,0.01017,0.010348,0.289307
625,0.010207,0.010571,0.010558,0.010276,0.010171,0.010346,0.288714
626,0.010207,0.010569,0.01056,0.010275,0.01017,0.010348,0.288194
627,0.010208,0.010569,0.01056,0.010275,0.010168,0.010347,0.287693
628,0.010208,0.010568,0.01056,0.010274,0.010167,0.010346,0.287186
629,0.010206,0.010567,0.010559,0.010275,0.010167,0.010344,0.286659
630,0.010206,0.010567,0.010559,0.010275,0.010167,0.010344,0.286113
631,0.010206,0.010566,0.010559,0.010276,0.010171,0.010345,0.285547
632,0.010207,0.010566,0.010559,0.010277,0.01017,0.010345,0.285086
633,0.010206,0.010565,0.01056,0.010275,0.010172,0.010346,0.284586
634,0.010207,0.010564,0.01056,0.010276,0.01017,0.010347,0.284057
635,0.010205,0.010563,0.010561,0.010279,0.010171,0.010348,0.283552
636,0.010204,0.010562,0.010561,0.010279,0.010171,0.010348,0.283049
637,0.010205,0.010561,0.01056,0.010278,0.010171,0.010347,0.282505
638,0.010206,0.01056,0.01056,0.010276,0.010171,0.010349,0.282036
639,0.010206,0.01056,0.01056,0.010275,0.010169,0.010351,0.281467
640,0.010206,0.01056,0.010558,0.010275,0.010167,0.01035,0.280956
641,0.010206,0.010559,0.010556,0.010275,0.010169,0.010353,0.280419
642,0.010207,0.010558,0.010556,0.010275,0.010168,0.010354,0.279926
643,0.010208,0.010557,0.010556,0.010275,0.010166,0.010353,0.279419
644,0.010209,0.010557,0.010555,0.010274,0.010167,0.010354,0.278911
645,0.010208,0.010557,0.010555,0.010275,0.010168,0.010353,0.278404
646,0.010209,0.010556,0.010554,0.010277,0.010165,0.010353,0.277925
647,0.01021,0.010555,0.010555,0.010277,0.010164,0.010354,0.277489
648,0.01021,0.010555,0.010557,0.010279,0.010165,0.010352,0.276993
649,0.010208,0.010555,0.010555,0.010279,0.010166,0.010351,0.276489
650,0.010208,0.010555,0.010555,0.01028,0.010168,0.01035,0.27598
651,0.010209,0.010556,0.010554,0.010279,0.010167,0.010352,0.275462
652,0.010209,0.010555,0.010554,0.010278,0.010168,0.01035,0.274962
653,0.01021,0.010554,0.010552,0.010277,0.010167,0.010351,0.274425
654,0.010211,0.010553,0.010552,0.010276,0.010167,0.01035,0.27393
655,0.01021,0.010552,0.010552,0.010276,0.010167,0.01035,0.27341
656,0.01021,0.01055,0.010553,0.010277,0.010167,0.01035,0.272894
657,0.010209,0.010548,0.010552,0.010278,0.010169,0.010353,0.272448
658,0.010208,0.010548,0.010553,0.010278,0.010172,0.010353,0.271983
659,0.010205,0.010549,0.010553,0.010276,0.010172,0.010351,0.27154
660,0.010206,0.010548,0.010552,0.010277,0.010172,0.01035,0.271063
661,0.010205,0.010547,0.010553,0.010276,0.010174,0.01035,0.270552
662,0.010207,0.010546,0.010553,0.010276,0.010175,0.010349,0.270097
663,0.010206,0.010545,0.010553,0.010277,0.010175,0.010348,0.269607
664,0.010207,0.010545,0.010554,0.010277,0.010176,0.010348,0.269118
665,0.010208,0.010546,0.010553,0.010276,0.010175,0.010348,0.268632
666,0.010205,0.010546,0.010554,0.010276,0.010171,0.010347,0.268134
667,0.010205,0.010546,0.010554,0.010276,0.010169,0.010348,0.26769
668,0.010204,0.010547,0.010554,0.010276,0.01017,0.010348,0.267238
669,0.010206,0.010546,0.010554,0.010276,0.010169,0.01035,0.266783
670,0.010205,0.010546,0.010553,0.010277,0.01017,0.010349,0.266278
671,0.010204,0.010546,0.010553,0.010278,0.01017,0.01035,0.26575
672,0.010204,0.010545,0.010554,0.010279,0.010171,0.010353,0.265234
673,0.010203,0.010544,0.010554,0.010279,0.010171,0.010351,0.264747
674,0.010204,0.010544,0.010553,0.010278,0.01017,0.010349,0.264306
675,0.010205,0.010543,0.010553,0.010278,0.010171,0.010343,0.263828
676,0.010203,0.010544,0.010553,0.010279,0.010171,0.010342,0.263365
677,0.010203,0.010543,0.010553,0.01028,0.010171,0.010342,0.262945
678,0.010202,0.010543,0.010553,0.010279,0.010171,0.010346,0.262485
679,0.010204,0.010542,0.010553,0.010277,0.01017,0.010346,0.261967
680,0.010205,0.010543,0.010552,0.010276,0.010168,0.010344,0.261476
681,0.010204,0.010543,0.010553,0.010277,0.010168,0.010342,0.26101
682,0.010205,0.010542,0.010553,0.010277,0.010168,0.010342,0.260533
683,0.010204,0.010542,0.010552,0.010278,0.010168,0.010343,0.26011
684,0.010206,0.010542,0.010552,0.010278,0.010168,0.010344,0.25965
685,0.010205,0.010541,0.010551,0.010275,0.010167,0.010342,0.259171
686,0.010204,0.010541,0.010551,0.010276,0.010168,0.010342,0.258718
687,0.010203,0.010541,0.01055,0.010277,0.010167,0.010341,0.258224
688,0.010204,0.010541,0.010549,0.010276,0.010168,0.010341,0.257752
689,0.010205,0.010541,0.010549,0.010276,0.010166,0.010341,0.25732
690,0.010206,0.01054,0.010549,0.010278,0.010166,0.01034,0.256859
691,0.010205,0.01054,0.010548,0.010277,0.010165,0.010337,0.25642
692,0.010205,0.010539,0.010548,0.010276,0.010165,0.010339,0.255991
693,0.010205,0.010538,0.010548,0.010276,0.010164,0.01034,0.255484
694,0.010204,0.010538,0.010548,0.010276,0.010163,0.010341,0.255077
695,0.010204,0.01054,0.010546,0.010275,0.010165,0.010342,0.254655
696,0.010204,0.01054,0.010546,0.010274,0.010163,0.01034,0.254197
697,0.010204,0.01054,0.010546,0.010275,0.010166,0.01034,0.253795
698,0.010205,0.01054,0.010546,0.010275,0.010167,0.010339,0.253358
699,0.010203,0.010539,0.010545,0.010277,0.010166,0.010339,0.252871
700,0.010203,0.01054,0.010547,0.010276,0.010165,0.01034,0.252449
701,0.010203,0.010539,0.010546,0.010276,0.010164,0.01034,0.252014
702,0.010204,0.010538,0.010546,0.010276,0.010165,0.010344,0.251611
703,0.010204,0.010537,0.010546,0.010275,0.010163,0.010345,0.251161
704,0.010205,0.010536,0.010546,0.010274,0.010162,0.010346,0.250703
705,0.010205,0.010536,0.010545,0.010274,0.010163,0.010347,0.250257
706,0.010204,0.010535,0.010545,0.010274,0.010164,0.010347,0.249856
707,0.010203,0.010535,0.010544,0.010274,0.010165,0.010346,0.249409
708,0.010203,0.010536,0.010543,0.010275,0.010167,0.010347,0.248959
709,0.010203,0.010536,0.010543,0.010273,0.010168,0.010347,0.248518
710,0.010204,0.010537,0.010542,0.010273,0.010166,0.010347,0.248057
711,0.010202,0.010536,0.010542,0.010272,0.010168,0.010349,0.24757
712,0.010201,0.010535,0.010541,0.010273,0.010166,0.010349,0.24717
713,0.010201,0.010534,0.010542,0.010273,0.010165,0.010346,0.246786
714,0.010201,0.010534,0.010541,0.010273,0.010165,0.010346,0.246384
715,0.010202,0.010534,0.010541,0.010273,0.010167,0.010346,0.245958
716,0.010203,0.010534,0.01054,0.010271,0.010167,0.010345,0.245506
717,0.010203,0.010533,0.010539,0.010272,0.010167,0.010345,0.245049
718,0.010203,0.010532,0.01054,0.010271,0.010165,0.010346,0.2446
719,0.010202,0.010532,0.010541,0.010272,0.010165,0.010346,0.244163
720,0.0102,0.010532,0.010542,0.010273,0.010163,0.010346,0.243745
721,0.010202,0.010531,0.010542,0.010273,0.010164,0.010345,0.243274
722,0.010202,0.01053,0.010543,0.010273,0.010167,0.010347,0.242856
723,0.010202,0.010531,0.010543,0.010273,0.010167,0.010346,0.242409
724,0.010202,0.010531,0.010543,0.010272,0.010168,0.010348,0.242
725,0.010203,0.010531,0.010543,0.010271,0.010168,0.010348,0.24155
726,0.010203,0.01053,0.010542,0.010271,0.010168,0.01035,0.241127
727,0.010203,0.01053,0.010541,0.010271,0.010168,0.01035,0.240698
728,0.010205,0.010529,0.010542,0.01027,0.010167,0.010352,0.240303
729,0.010206,0.010528,0.010543,0.01027,0.010168,0.010352,0.239927
730,0.010205,0.010528,0.010542,0.010271,0.010168,0.01035,0.239523
731,0.010205,0.010527,0.010542,0.01027,0.010168,0.010346,0.239116
732,0.010202,0.010528,0.010541,0.01027,0.010168,0.010344,0.238734
733,0.010202,0.010526,0.010541,0.010271,0.010168,0.010344,0.238303
734,0.010202,0.010526,0.01054,0.010271,0.010168,0.010345,0.237956
735,0.0102,0.010525,0.01054,0.01027,0.010168,0.010344,0.237564
736,0.010199,0.010525,0.010539,0.01027,0.010171,0.010342,0.237193
737,0.010198,0.010523,0.010539,0.01027,0.010172,0.010342,0.236761
738,0.0102,0.010523,0.010538,0.01027,0.01017,0.01034,0.236375
739,0.010199,0.010523,0.010537,0.01027,0.01017,0.010339,0.235952
740,0.010199,0.010522,0.010537,0.01027,0.010171,0.010342,0.23555
741,0.010199,0.010522,0.010537,0.01027,0.010168,0.010342,0.235139
742,0.0102,0.010521,0.010535,0.010271,0.010167,0.010342,0.234717
743,0.010201,0.010522,0.010536,0.010271,0.010168,0.010343,0.234312
744,0.010203,0.010521,0.010536,0.010271,0.010167,0.010342,0.233946
745,0.010203,0.010521,0.010537,0.01027,0.010168,0.010342,0.233487
746,0.010202,0.01052,0.010536,0.010271,0.010168,0.010342,0.233119
747,0.010202,0.010519,0.010536,0.010273,0.010166,0.010339,0.232719
748,0.010206,0.010519,0.010537,0.010273,0.010165,0.010338,0.232307
749,0.010207,0.010518,0.010536,0.010271,0.010166,0.010342,0.231917
750,0.010207,0.010518,0.010536,0.010272,0.01017,0.010342,0.231521
751,0.010205,0.010518,0.010536,0.010271,0.010171,0.010345,0.231125
752,0.010205,0.010516,0.010536,0.010272,0.010169,0.010344,0.230756
753,0.010206,0.010515,0.010536,0.010272,0.010168,0.010343,0.230365
754,0.010207,0.010515,0.010535,0.010273,0.01017,0.010346,0.229997
755,0.010205,0.010515,0.010534,0.010271,0.01017,0.010347,0.229609
756,0.010206,0.010515,0.010534,0.01027,0.010168,0.010348,0.229244
757,0.010205,0.010515,0.010532,0.010271,0.010168,0.010345,0.228875
758,0.010206,0.010514,0.010532,0.010269,0.010168,0.010347,0.228479
759,0.010206,0.010515,0.010533,0.010269,0.010166,0.010348,0.228062
760,0.010207,0.010515,0.010534,0.010269,0.010165,0.010347,0.227663
761,0.010206,0.010516,0.010535,0.010271,0.010165,0.010347,0.227258
762,0.010205,0.010517,0.010534,0.010272,0.010164,0.010344,0.226897
763,0.010205,0.010516,0.010535,0.010272,0.010165,0.010343,0.226524
764,0.010204,0.010514,0.010534,0.010271,0.010164,0.010343,0.226121
765,0.010205,0.010515,0.010534,0.01027,0.010165,0.010343,0.22573
766,0.010207,0.010515,0.010534,0.010269,0.010161,0.010343,0.225349
767,0.010206,0.010515,0.010533,0.010268,0.010162,0.010341,0.224987
768,0.010205,0.010514,0.010534,0.010269,0.010163,0.010342,0.22458
769,0.010205,0.010513,0.010533,0.01027,0.010167,0.010341,0.224199
770,0.010204,0.010512,0.010534,0.01027,0.010167,0.010343,0.223752
771,0.010203,0.010511,0.010533,0.010269,0.010165,0.010344,0.223374
772,0.010204,0.01051,0.010532,0.010269,0.010163,0.010345,0.222993
773,0.010204,0.01051,0.010531,0.010268,0.010161,0.010346,0.222631
774,0.010203,0.01051,0.010532,0.010267,0.010163,0.010345,0.222245
775,0.010203,0.010509,0.010532,0.010267,0.010161,0.010345,0.221838
776,0.010201,0.01051,0.010531,0.010267,0.01016,0.010344,0.221443
777,0.010201,0.010509,0.01053,0.010266,0.010158,0.010344,0.221083
778,0.010201,0.01051,0.010531,0.010267,0.010157,0.010345,0.220726
779,0.010199,0.010509,0.010531,0.010267,0.010159,0.010346,0.22031
780,0.0102,0.010508,0.01053,0.010267,0.010159,0.010345,0.219947
781,0.0102,0.010508,0.010529,0.010269,0.01016,0.010349,0.219532
782,0.0102,0.010508,0.010531,0.010268,0.01016,0.010349,0.219131
783,0.0102,0.010508,0.010532,0.010269,0.010158,0.010348,0.218799
784,0.010199,0.010508,0.010531,0.010269,0.010159,0.01035,0.218431
785,0.010199,0.010508,0.010531,0.010268,0.010159,0.010351,0.218027
786,0.0102,0.010509,0.010529,0.010268,0.010158,0.01035,0.217607
787,0.010201,0.010508,0.010529,0.01027,0.01016,0.010351,0.217227
788,0.0102,0.010507,0.010528,0.010269,0.010162,0.010351,0.216823
789,0.010202,0.010508,0.010527,0.010269,0.010162,0.010352,0.216433
790,0.010202,0.010507,0.010527,0.01027,0.010161,0.010354,0.216049
791,0.010201,0.010506,0.010526,0.010271,0.010161,0.010353,0.215698
792,0.010202,0.010506,0.010525,0.01027,0.010159,0.010356,0.215351
793,0.0102,0.010507,0.010525,0.010269,0.010158,0.010356,0.214982
794,0.010202,0.010507,0.010524,0.010268,0.010158,0.010355,0.214608
795,0.010201,0.010507,0.010525,0.010268,0.010157,0.010355,0.214218
796,0.010203,0.010507,0.010525,0.010268,0.010157,0.010353,0.213854
797,0.010203,0.010508,0.010526,0.010269,0.010156,0.010351,0.213511
798,0.010203,0.010507,0.010527,0.010267,0.010156,0.010351,0.213129
799,0.010203,0.010506,0.010526,0.010267,0.010155,0.010348,0.212778
800,0.010201,0.010506,0.010526,0.010266,0.010154,0.010347,0.212431
801,0.010201,0.010506,0.010525,0.010268,0.010156,0.010345,0.212104
802,0.0102,0.010506,0.010525,0.010267,0.010156,0.010344,0.211729
803,0.010201,0.010506,0.010526,0.010266,0.010156,0.010344,0.211361
804,0.0102,0.010506,0.010526,0.010265,0.010156,0.010347,0.211009
805,0.010202,0.010506,0.010527,0.010265,0.010157,0.010346,0.21064
806,0.0102,0.010504,0.010527,0.010267,0.010157,0.010347,0.210276
807,0.010201,0.010504,0.010527,0.010267,0.010159,0.010345,0.209917
808,0.010201,0.010503,0.010526,0.010267,0.010158,0.010344,0.209536
809,0.010199,0.010503,0.010525,0.010266,0.010158,0.010343,0.209168
810,0.010199,0.010504,0.010524,0.010266,0.01016,0.010346,0.208788
811,0.0102,0.010504,0.010524,0.010267,0.010158,0.010344,0.208409
812,0.0102,0.010504,0.010523,0.010267,0.010157,0.010343,0.208059
813,0.010199,0.010504,0.010522,0.010267,0.010157,0.010343,0.20768
814,0.0102,0.010505,0.010521,0.010267,0.010158,0.010345,0.207298
815,0.010202,0.010504,0.010522,0.010265,0.010158,0.010342,0.206961
816,0.010202,0.010504,0.010522,0.010265,0.010158,0.010341,0.206609
817,0.010202,0.010503,0.010522,0.010263,0.010157,0.010343,0.206276
818,0.010203,0.010503,0.010522,0.010264,0.010158,0.010344,0.205905
819,0.010204,0.010504,0.010523,0.010265,0.010159,0.010345,0.205532
820,0.010205,0.010503,0.010524,0.010266,0.010159,0.010345,0.205211
821,0.010205,0.010503,0.010524,0.010265,0.010159,0.010346,0.204853
822,0.010204,0.010503,0.010522,0.010265,0.010157,0.010347,0.204518
823,0.010204,0.010503,0.010523,0.010266,0.01016,0.010345,0.204194
824,0.010203,0.010502,0.010522,0.010265,0.010158,0.010344,0.20387
825,0.010203,0.010503,0.010521,0.010265,0.010158,0.010343,0.203533
826,0.010203,0.010502,0.010522,0.010264,0.01016,0.010342,0.20321
827,0.010202,0.010501,0.010521,0.010265,0.01016,0.010338,0.202863
828,0.010203,0.010502,0.010521,0.010264,0.010159,0.010338,0.202516
829,0.010203,0.010501,0.010519,0.010265,0.010158,0.010339,0.202146
830,0.010203,0.010501,0.01052,0.010263,0.010158,0.01034,0.201808
831,0.010204,0.010502,0.01052,0.010262,0.010159,0.010338,0.201455
832,0.010204,0.010502,0.010518,0.010265,0.010158,0.01034,0.201115
833,0.010204,0.010501,0.010517,0.010265,0.010158,0.01034,0.200815
834,0.010202,0.010502,0.010517,0.010264,0.010159,0.010342,0.200465
835,0.010202,0.010502,0.010517,0.010265,0.010159,0.010342,0.200169
836,0.010202,0.010502,0.010516,0.010265,0.010159,0.010343,0.199837
837,0.010201,0.010503,0.010518,0.010266,0.010159,0.010342,0.199509
838,0.0102,0.010502,0.010518,0.010266,0.010159,0.010344,0.199156
839,0.0102,0.010502,0.010517,0.010265,0.010158,0.010343,0.198822
840,0.010197,0.010504,0.010517,0.010264,0.010157,0.010344,0.198534
841,0.010197,0.010504,0.010518,0.010265,0.01016,0.010342,0.198215
842,0.010198,0.010504,0.01052,0.010265,0.010161,0.010343,0.197907
843,0.010197,0.010504,0.01052,0.010265,0.010163,0.010344,0.197617
844,0.010198,0.010503,0.01052,0.010265,0.010163,0.010345,0.197281
845,0.010198,0.010503,0.010519,0.010264,0.010163,0.010349,0.196951
846,0.010199,0.010502,0.010519,0.010264,0.010161,0.010349,0.196633
847,0.010198,0.010502,0.010519,0.010262,0.010161,0.010347,0.196311
848,0.010199,0.010502,0.010519,0.010264,0.010161,0.010349,0.195989
849,0.010199,0.010503,0.010518,0.010264,0.010161,0.010348,0.195674
850,0.0102,0.010502,0.010519,0.010265,0.010161,0.010348,0.195387
851,0.010199,0.010502,0.010519,0.010266,0.010159,0.010347,0.195085
852,0.010198,0.010504,0.010519,0.010264,0.010159,0.010346,0.194764
853,0.010198,0.010503,0.010518,0.010263,0.010158,0.010344,0.194469
854,0.010199,0.010503,0.010518,0.010261,0.010161,0.010345,0.19412
855,0.010199,0.010502,0.010518,0.01026,0.01016,0.010346,0.193859
856,0.010199,0.010503,0.010519,0.01026,0.010159,0.010346,0.193545
857,0.010199,0.010502,0.010519,0.010259,0.01016,0.010347,0.193237
858,0.010198,0.010501,0.010518,0.010261,0.01016,0.010346,0.192899
859,0.010198,0.0105,0.010519,0.010261,0.010161,0.010347,0.192627
860,0.010197,0.010499,0.010519,0.010263,0.010158,0.010347,0.192352
861,0.010198,0.010499,0.010519,0.010263,0.010158,0.010345,0.192028
862,0.010198,0.010499,0.010518,0.010262,0.010158,0.010344,0.19174
863,0.010197,0.010499,0.010519,0.010261,0.010157,0.010347,0.191408
864,0.010196,0.0105,0.010518,0.010261,0.010157,0.010346,0.191056
865,0.010196,0.010498,0.010519,0.010263,0.010158,0.010345,0.190725
866,0.010193,0.010499,0.01052,0.010263,0.010158,0.010344,0.190415
867,0.010193,0.010498,0.01052,0.010264,0.010158,0.010346,0.190113
868,0.010192,0.010498,0.01052,0.010264,0.010158,0.010348,0.189788
869,0.010195,0.010497,0.010518,0.010265,0.010158,0.010351,0.189452
870,0.010195,0.010499,0.010519,0.010266,0.010158,0.01035,0.189147
871,0.010194,0.010499,0.010519,0.010265,0.010159,0.010351,0.188832
872,0.010194,0.010499,0.010519,0.010265,0.01016,0.010353,0.18854
873,0.010195,0.010499,0.01052,0.010264,0.010161,0.010355,0.188232
874,0.010196,0.010499,0.010519,0.010264,0.010161,0.010353,0.187927
875,0.010197,0.010499,0.010519,0.010265,0.010162,0.010351,0.187624
876,0.010198,0.010498,0.010518,0.010265,0.010162,0.010351,0.187307
877,0.010196,0.010497,0.010518,0.010266,0.010161,0.010351,0.187
878,0.010197,0.010498,0.010519,0.010265,0.010161,0.010353,0.186677
879,0.010196,0.010496,0.010518,0.010265,0.010161,0.010354,0.186358
880,0.010195,0.010496,0.010517,0.010265,0.01016,0.010355,0.18603
881,0.010195,0.010497,0.010516,0.010265,0.010161,0.010354,0.185758
882,0.010194,0.010497,0.010517,0.010263,0.010164,0.010354,0.185452
883,0.010194,0.010496,0.010516,0.010262,0.010163,0.010352,0.185147
884,0.010194,0.010496,0.010516,0.010261,0.010164,0.010352,0.184844
885,0.010194,0.010496,0.010516,0.010262,0.010163,0.010354,0.18452
886,0.010194,0.010496,0.010517,0.010261,0.010164,0.010351,0.184227
887,0.010194,0.010496,0.010518,0.010261,0.010163,0.010354,0.183982
888,0.010194,0.010497,0.010517,0.010263,0.010163,0.010353,0.183696
889,0.010196,0.010495,0.010517,0.010262,0.010162,0.010352,0.183374
890,0.010195,0.010495,0.010516,0.010264,0.010162,0.010352,0.183095
891,0.010195,0.010495,0.010516,0.010264,0.010163,0.010353,0.182779
892,0.010195,0.010496,0.010516,0.010263,0.010163,0.010353,0.182494
893,0.010196,0.010496,0.010518,0.010263,0.010163,0.010355,0.182238
894,0.010194,0.010496,0.010518,0.010262,0.010164,0.010355,0.181947
895,0.010196,0.010495,0.010516,0.010261,0.010163,0.010354,0.181641
896,0.010195,0.010495,0.010515,0.010262,0.010162,0.010355,0.181376
897,0.010195,0.010495,0.010513,0.010261,0.010162,0.010356,0.181069
898,0.010194,0.010496,0.010513,0.010263,0.010161,0.010353,0.18077
899,0.010194,0.010494,0.010513,0.010264,0.010161,0.010352,0.180541
900,0.010194,0.010495,0.010513,0.010265,0.010161,0.01035,0.180256
901,0.010193,0.010495,0.010513,0.010263,0.010161,0.010352,0.179957
902,0.010192,0.010496,0.010512,0.010261,0.010162,0.01035,0.179692
903,0.010192,0.010495,0.010511,0.01026,0.01016,0.010346,0.179368
904,0.010193,0.010495,0.010512,0.010258,0.010159,0.010347,0.179095
905,0.010196,0.010496,0.010513,0.010257,0.010158,0.010346,0.178803
906,0.010195,0.010496,0.010512,0.010258,0.010157,0.010346,0.178516
907,0.010196,0.010495,0.010512,0.010256,0.010161,0.010347,0.178216
908,0.010199,0.010496,0.010512,0.010255,0.010162,0.010346,0.177937
909,0.010199,0.010495,0.01051,0.010254,0.010161,0.010345,0.177669
910,0.010198,0.010494,0.01051,0.010256,0.01016,0.010346,0.177394
911,0.010196,0.010493,0.01051,0.010256,0.010162,0.010346,0.177137
912,0.010197,0.010493,0.01051,0.010257,0.010161,0.010345,0.176886
913,0.010196,0.010493,0.010511,0.010256,0.01016,0.010344,0.176646
914,0.010196,0.010493,0.010511,0.010256,0.01016,0.010344,0.176392
915,0.010197,0.010494,0.010513,0.010257,0.010159,0.010344,0.176125
916,0.010197,0.010495,0.010513,0.010256,0.010158,0.010344,0.175855
917,0.010196,0.010494,0.010512,0.010256,0.010157,0.010345,0.175564
918,0.010195,0.010493,0.010512,0.010256,0.010157,0.010348,0.175281
919,0.010195,0.010491,0.010512,0.010255,0.010158,0.010347,0.175009
920,0.010196,0.010491,0.010514,0.010256,0.01016,0.010346,0.174733
921,0.010196,0.010492,0.010514,0.010256,0.010158,0.010345,0.174446
922,0.010198,0.010493,0.010512,0.010256,0.010156,0.010347,0.174156
923,0.010196,0.010493,0.010512,0.010256,0.010158,0.010346,0.173907
924,0.010195,0.010493,0.010511,0.010256,0.01016,0.010347,0.173635
925,0.010194,0.010492,0.01051,0.010254,0.010159,0.010346,0.173384
926,0.010193,0.010492,0.01051,0.010253,0.010157,0.010344,0.173099
927,0.010192,0.010492,0.010511,0.010253,0.010156,0.010347,0.172867
928,0.010193,0.010491,0.010511,0.010254,0.010155,0.010348,0.172564
929,0.010194,0.01049,0.01051,0.010256,0.010157,0.010348,0.172282
930,0.010195,0.010489,0.010511,0.010255,0.010158,0.01035,0.172014
931,0.010195,0.010489,0.01051,0.010255,0.010158,0.01035,0.171742
932,0.010195,0.010489,0.010509,0.010258,0.010159,0.01035,0.171457
933,0.010195,0.010487,0.010509,0.010258,0.010158,0.010351,0.171203
934,0.010196,0.010488,0.01051,0.010259,0.010157,0.010349,0.170933
935,0.010195,0.010489,0.010509,0.010258,0.010156,0.010348,0.170632
936,0.010195,0.010489,0.010509,0.010256,0.010158,0.010348,0.170348
937,0.010194,0.010488,0.010509,0.010256,0.010158,0.010346,0.170069
938,0.010195,0.010488,0.010509,0.010255,0.010159,0.010344,0.169797
939,0.010195,0.010488,0.010509,0.010255,0.01016,0.010344,0.169544
940,0.010194,0.010489,0.01051,0.010257,0.01016,0.010342,0.169263
941,0.010194,0.010489,0.010509,0.010258,0.010161,0.010342,0.168997
942,0.010195,0.01049,0.010509,0.010258,0.010162,0.010341,0.168759
943,0.010194,0.010491,0.010509,0.010257,0.01016,0.01034,0.168494
944,0.010194,0.010491,0.010508,0.010257,0.01016,0.010339,0.168232
945,0.010192,0.010491,0.010508,0.010258,0.010159,0.01034,0.167984
946,0.01019,0.010491,0.010509,0.010257,0.01016,0.010341,0.167742
947,0.01019,0.01049,0.010509,0.010256,0.01016,0.010341,0.167487
948,0.010189,0.010489,0.01051,0.010257,0.01016,0.010341,0.167214
949,0.010191,0.010489,0.01051,0.010255,0.010159,0.01034,0.166916
950,0.010192,0.010489,0.01051,0.010254,0.01016,0.010341,0.166661
951,0.010189,0.010489,0.01051,0.010256,0.010161,0.010341,0.166376
952,0.01019,0.010489,0.01051,0.010254,0.010159,0.010343,0.16613
953,0.010191,0.010488,0.010511,0.010254,0.010158,0.010346,0.165889
954,0.01019,0.010489,0.01051,0.010253,0.010157,0.010347,0.165613
955,0.010191,0.010489,0.010509,0.010253,0.010156,0.010345,0.165363
956,0.010193,0.010488,0.01051,0.010254,0.010155,0.010347,0.165085
957,0.010193,0.010489,0.01051,0.010253,0.010156,0.010347,0.164835
958,0.010192,0.01049,0.010511,0.010254,0.010156,0.01035,0.164583
959,0.010193,0.010489,0.01051,0.010257,0.010155,0.010351,0.164363
960,0.010192,0.010489,0.01051,0.010257,0.010158,0.010351,0.164122
961,0.010193,0.010488,0.01051,0.010257,0.010157,0.010354,0.163852
962,0.010193,0.010488,0.010509,0.010257,0.010158,0.010354,0.16363
963,0.010193,0.010489,0.010511,0.010257,0.010159,0.010353,0.163396
964,0.010193,0.010488,0.010511,0.010253,0.010162,0.010355,0.163141
965,0.010193,0.010487,0.01051,0.010253,0.01016,0.010352,0.162889
966,0.010194,0.010488,0.01051,0.010252,0.01016,0.010352,0.162629
967,0.010195,0.010488,0.010509,0.010253,0.010161,0.010352,0.162369
968,0.010194,0.010487,0.01051,0.010252,0.010159,0.010349,0.162127
969,0.010193,0.010488,0.010509,0.010252,0.01016,0.01035,0.161849
970,0.010194,0.010486,0.010509,0.010252,0.010159,0.010351,0.161593
971,0.010194,0.010486,0.010509,0.010252,0.010157,0.010351,0.161374
972,0.010193,0.010486,0.010509,0.010252,0.010156,0.010352,0.161096
973,0.010191,0.010485,0.01051,0.010253,0.010156,0.010354,0.160841
974,0.010192,0.010484,0.010509,0.010252,0.010156,0.010354,0.160611
975,0.010193,0.010484,0.010508,0.010252,0.010156,0.010355,0.160362
976,0.010194,0.010484,0.010507,0.010253,0.010156,0.010356,0.160119
977,0.010194,0.010483,0.010507,0.010255,0.010156,0.010355,0.159851
978,0.010193,0.010483,0.010506,0.010257,0.010156,0.010357,0.159598
979,0.010193,0.010481,0.010507,0.010256,0.010157,0.010358,0.159356
980,0.010191,0.01048,0.010507,0.010254,0.010159,0.010359,0.15913
981,0.010191,0.010478,0.010506,0.010254,0.010158,0.010358,0.158914
982,0.010192,0.010477,0.010505,0.010253,0.010157,0.010358,0.15866
983,0.010193,0.010477,0.010505,0.010252,0.010158,0.01036,0.15838
984,0.010193,0.010476,0.010505,0.010251,0.010158,0.010357,0.158124
985,0.010194,0.010477,0.010507,0.01025,0.010158,0.010356,0.15788
986,0.010194,0.010476,0.010506,0.01025,0.010157,0.010355,0.157642
987,0.010196,0.010475,0.010505,0.010251,0.010157,0.010359,0.157394
988,0.010195,0.010475,0.010505,0.010251,0.010154,0.010359,0.157167
989,0.010194,0.010474,0.010504,0.010251,0.010154,0.010359,0.156932
990,0.010193,0.010472,0.010506,0.010251,0.010154,0.010356,0.156683
991,0.010193,0.010473,0.010505,0.010252,0.010155,0.010356,0.156459
992,0.010191,0.010473,0.010505,0.010253,0.010156,0.010357,0.156209
993,0.010189,0.010473,0.010505,0.010252,0.010157,0.010357,0.15597
994,0.01019,0.010473,0.010505,0.010252,0.010156,0.010358,0.155727
995,0.010191,0.010473,0.010505,0.010252,0.010153,0.010358,0.155493
996,0.010192,0.010471,0.010505,0.010252,0.010153,0.010355,0.155275
997,0.01019,0.010472,0.010504,0.010252,0.010154,0.010353,0.15505
998,0.010191,0.010471,0.010503,0.010251,0.010155,0.010353,0.154834
999,0.010192,0.01047,0.010504,0.010252,0.010155,0.010353,0.154636
1000,0.010192,0.010469,0.010504,0.010252,0.010152,0.010355,0.154409
,0.010192,,,,,,
,0.010192,,,,,,
,0.01019,,,,,,
,0.010191,,,,,,
,0.01019,,,,,,
,0.010189,,,,,,
,0.010189,,,,,,
,0.010189,,,,,,
,0.010189,,,,,,
,0.010188,,,,,,
,0.010187,,,,,,
,0.010188,,,,,,
,0.01019,,,,,,
,0.01019,,,,,,
,0.010189,,,,,,
,0.010189,,,,,,
,0.010188,,,,,,
,0.010189,,,,,,
,0.010191,,,,,,
,0.01019,,,,,,
,0.010192,,,,,,
,0.010191,,,,,,
,0.01019,,,,,,
,0.01019,,,,,,
,0.010192,,,,,,
,0.010192,,,,,,
,0.010192,,,,,,
,0.010191,,,,,,
,0.01019,,,,,,
,0.010189,,,,,,
,0.010189,,,,,,
,0.01019,,,,,,
,0.010191,,,,,,
,0.010189,,,,,,
,0.010189,,,,,,
,0.01019,,,,,,
,0.010189,,,,,,
,0.01019,,,,,,
,0.010188,,,,,,
,0.010187,,,,,,
,0.010187,,,,,,
,0.010186,,,,,,
,0.010187,,,,,,
,0.010188,,,,,,
,0.010187,,,,,,
,0.010188,,,,,,
,0.010188,,,,,,
,0.010188,,,,,,
,0.010189,,,,,,
,0.010189,,,,,,
,0.010189,,,,,,
,0.010189,,,,,,
,0.010189,,,,,,
,0.010188,,,,,,
,0.010188,,,,,,
,0.010187,,,,,,
,0.010188,,,,,,
,0.010189,,,,,,
,0.010189,,,,,,
,0.010189,,,,,,
,0.010189,,,,,,
,0.01019,,,,,,
,0.010191,,,,,,
,0.010191,,,,,,
,0.010194,,,,,,
,0.010193,,,,,,
,0.010193,,,,,,
,0.010193,,,,,,
,0.010194,,,,,,
,0.010193,,,,,,
,0.010191,,,,,,
,0.010191,,,,,,
,0.010191,,,,,,
,0.01019,,,,,,
,0.010189,,,,,,
,0.010186,,,,,,
,0.010187,,,,,,
,0.010188,,,,,,
,0.010187,,,,,,
,0.010188,,,,,,
,0.01019,,,,,,
,0.010189,,,,,,
,0.01019,,,,,,
,0.010189,,,,,,
,0.010191,,,,,,
,0.010188,,,,,,
,0.010187,,,,,,
,0.010187,,,,,,
,0.010188,,,,,,
,0.01019,,,,,,
,0.010192,,,,,,
,0.010191,,,,,,
,0.01019,,,,,,
,0.010191,,,,,,
,0.010193,,,,,,
,0.010193,,,,,,
,0.010192,,,,,,
,0.010192,,,,,,
,0.010191,,,,,,
,0.010191,,,,,,
,0.01019,,,,,,
,0.01019,,,,,,
,0.01019,,,,,,
,0.010189,,,,,,
,0.01019,,,,,,
,0.010189,,,,,,
,0.010188,,,,,,
,0.010188,,,,,,
,0.010188,,,,,,
,0.010187,,,,,,
,0.010186,,,,,,
,0.010187,,,,,,
,0.010188,,,,,,
,0.010188,,,,,,
,0.010188,,,,,,
,0.010189,,,,,,
,0.010188,,,,,,
,0.010189,,,,,,
,0.01019,,,,,,
,0.010189,,,,,,
,0.010189,,,,,,
,0.01019,,,,,,
,0.010189,,,,,,
,0.010188,,,,,,
,0.010188,,,,,,
,0.010188,,,,,,
,0.010187,,,,,,
,0.010187,,,,,,
,0.010189,,,,,,
,0.010187,,,,,,
,0.010188,,,,,,
,0.010188,,,,,,
,0.010188,,,,,,
,0.010189,,,,,,
,0.01019,,,,,,
,0.010189,,,,,,
,0.010191,,,,,,
,0.01019,,,,,,
,0.010189,,,,,,
,0.01019,,,,,,
,0.010191,,,,,,
,0.010191,,,,,,
,0.010191,,,,,,
,0.01019,,,,,,
,0.01019,,,,,,
,0.010188,,,,,,
,0.010189,,,,,,
,0.010189,,,,,,
,0.010191,,,,,,
,0.010191,,,,,,
,0.010192,,,,,,
,0.010192,,,,,,
,0.010191,,,,,,
,0.010191,,,,,,
,0.010193,,,,,,
,0.010192,,,,,,
,0.010192,,,,,,
,0.010191,,,,,,
,0.01019,,,,,,
,0.010189,,,,,,
,0.010188,,,,,,
,0.010188,,,,,,
,0.010188,,,,,,
,0.010189,,,,,,
,0.010189,,,,,,
,0.010188,,,,,,
,0.010188,,,,,,
,0.010187,,,,,,
,0.010187,,,,,,
,0.010185,,,,,,
,0.010186,,,,,,
,0.010186,,,,,,
,0.010186,,,,,,
,0.010187,,,,,,
,0.010186,,,,,,
,0.010186,,,,,,
,0.010187,,,,,,
,0.010188,,,,,,
,0.010188,,,,,,
,0.010186,,,,,,
,0.010186,,,,,,
,0.010187,,,,,,
,0.010187,,,,,,
,0.010188,,,,,,
,0.010189,,,,,,
,0.010189,,,,,,
,0.010189,,,,,,
,0.010189,,,,,,
,0.01019,,,,,,
,0.01019,,,,,,
,0.01019,,,,,,
,0.010188,,,,,,
,0.010188,,,,,,
,0.010185,,,,,,
,0.010186,,,,,,
,0.010186,,,,,,
,0.010186,,,,,,
,0.010186,,,,,,
,0.010188,,,,,,
,0.010186,,,,,,
,0.010187,,,,,,
,0.010187,,,,,,
,0.010187,,,,,,
,0.010187,,,,,,
,0.010187,,,,,,
,0.010187,,,,,,
,0.010187,,,,,,
,0.010188,,,,,,
,0.010188,,,,,,
,0.010188,,,,,,
,0.010189,,,,,,
,0.010188,,,,,,
,0.010188,,,,,,
,0.010189,,,,,,
,0.010189,,,,,,
,0.010188,,,,,,
,0.010189,,,,,,
,0.010188,,,,,,
,0.010189,,,,,,
,0.010189,,,,,,
,0.010189,,,,,,
,0.010189,,,,,,
,0.010189,,,,,,
,0.01019,,,,,,
,0.01019,,,,,,
,0.010189,,,,,,
,0.010187,,,,,,
,0.010186,,,,,,
,0.010187,,,,,,
,0.010188,,,,,,
,0.01019,,,,,,
,0.01019,,,,,,
,0.010188,,,,,,
,0.010188,,,,,,
,0.010187,,,,,,
,0.010186,,,,,,
,0.010188,,,,,,
,0.010187,,,,,,
,0.010187,,,,,,
,0.010187,,,,,,
,0.010187,,,,,,
,0.010187,,,,,,
,0.010187,,,,,,
,0.010187,,,,,,
,0.010185,,,,,,
,0.010187,,,,,,
,0.010186,,,,,,
,0.010185,,,,,,
,0.010187,,,,,,
,0.010186,,,,,,
,0.010186,,,,,,
,0.010186,,,,,,
,0.010186,,,,,,
,0.010188,,,,,,
,0.010188,,,,,,
,0.010187,,,,,,
,0.010188,,,,,,
,0.010188,,,,,,
,0.010188,,,,,,
,0.010189,,,,,,
,0.010187,,,,,,
,0.010185,,,,,,
,0.010185,,,,,,
,0.010185,,,,,,
,0.010186,,,,,,
,0.010188,,,,,,
,0.010189,,,,,,
,0.010189,,,,,,
,0.01019,,,,,,
,0.010188,,,,,,
,0.010189,,,,,,
,0.01019,,,,,,
,0.010188,,,,,,
,0.010189,,,,,,
,0.010188,,,,,,
,0.010188,,,,,,
,0.010185,,,,,,
,0.010185,,,,,,
,0.010185,,,,,,
,0.010184,,,,,,
,0.010185,,,,,,
,0.010186,,,,,,
,0.010184,,,,,,
,0.010185,,,,,,
,0.010186,,,,,,
,0.010186,,,,,,
,0.010187,,,,,,
,0.010186,,,,,,
,0.010184,,,,,,
,0.010183,,,,,,
,0.010184,,,,,,
,0.010184,,,,,,
,0.010184,,,,,,
,0.010183,,,,,,
,0.010182,,,,,,
,0.01018,,,,,,
,0.010182,,,,,,
,0.01018,,,,,,
,0.010182,,,,,,
,0.010182,,,,,,
,0.010183,,,,,,
,0.010183,,,,,,
,0.010185,,,,,,
,0.010184,,,,,,
,0.010184,,,,,,
,0.010184,,,,,,
,0.010185,,,,,,
,0.010185,,,,,,
,0.010184,,,,,,
,0.010184,,,,,,
,0.010183,,,,,,
,0.010182,,,,,,
,0.010183,,,,,,
,0.010183,,,,,,
,0.010183,,,,,,
,0.010182,,,,,,
,0.010183,,,,,,
,0.010183,,,,,,
,0.010182,,,,,,
,0.010183,,,,,,
,0.01018,,,,,,
,0.01018,,,,,,
,0.01018,,,,,,
,0.01018,,,,,,
,0.010181,,,,,,
,0.010182,,,,,,
,0.010181,,,,,,
,0.010182,,,,,,
,0.010185,,,,,,
,0.010184,,,,,,
,0.010186,,,,,,
,0.010185,,,,,,
,0.010184,,,,,,
,0.010183,,,,,,
,0.010182,,,,,,
,0.010183,,,,,,
,0.010182,,,,,,
,0.010183,,,,,,
,0.010183,,,,,,
,0.010183,,,,,,
,0.010181,,,,,,
,0.010181,,,,,,
,0.01018,,,,,,
,0.010181,,,,,,
,0.010179,,,,,,
,0.010179,,,,,,
,0.01018,,,,,,
,0.010181,,,,,,
,0.010181,,,,,,
,0.010182,,,,,,
,0.010181,,,,,,
,0.010182,,,,,,
,0.010182,,,,,,
,0.010184,,,,,,
,0.010184,,,,,,
,0.010185,,,,,,
,0.010185,,,,,,
,0.010186,,,,,,
,0.010185,,,,,,
,0.010185,,,,,,
,0.010186,,,,,,
,0.010185,,,,,,
,0.010184,,,,,,
,0.010183,,,,,,
,0.010184,,,,,,
,0.010185,,,,,,
,0.010187,,,,,,
,0.010186,,,,,,
,0.010185,,,,,,
,0.010185,,,,,,
,0.010186,,,,,,
,0.010187,,,,,,
,0.010186,,,,,,
,0.010187,,,,,,
,0.010187,,,,,,
,0.010184,,,,,,
,0.010185,,,,,,
,0.010184,,,,,,
,0.010185,,,,,,
,0.010184,,,,,,
,0.010183,,,,,,
,0.010182,,,,,,
,0.010183,,,,,,
,0.010182,,,,,,
,0.01018,,,,,,
,0.010182,,,,,,
,0.01018,,,,,,
,0.01018,,,,,,
,0.01018,,,,,,
,0.01018,,,,,,
,0.01018,,,,,,
,0.010179,,,,,,
,0.01018,,,,,,
,0.010182,,,,,,
,0.010182,,,,,,
,0.010182,,,,,,
,0.010182,,,,,,
,0.010184,,,,,,
,0.010184,,,,,,
,0.010183,,,,,,
,0.010182,,,,,,
,0.010182,,,,,,
,0.010182,,,,,,
,0.010182,,,,,,
,0.010181,,,,,,
,0.010181,,,,,,
,0.010183,,,,,,
,0.010184,,,,,,
,0.010183,,,,,,
,0.010182,,,,,,
,0.010183,,,,,,
,0.010184,,,,,,
,0.010183,,,,,,
,0.010183,,,,,,
,0.010184,,,,,,
,0.010182,,,,,,
,0.010183,,,,,,
,0.010184,,,,,,
,0.010184,,,,,,
,0.010185,,,,,,
,0.010184,,,,,,
,0.010184,,,,,,
,0.010183,,,,,,
,0.010183,,,,,,
,0.010182,,,,,,
,0.010181,,,,,,
,0.010181,,,,,,
,0.010181,,,,,,
,0.01018,,,,,,
,0.010179,,,,,,
,0.01018,,,,,,
,0.010179,,,,,,
,0.010179,,,,,,
,0.010179,,,,,,
,0.010179,,,,,,
,0.010179,,,,,,
,0.010179,,,,,,
,0.010177,,,,,,
,0.010176,,,,,,
,0.010177,,,,,,
,0.010179,,,,,,
,0.010179,,,,,,
,0.010178,,,,,,
,0.010179,,,,,,
,0.010178,,,,,,
,0.010179,,,,,,
,0.010181,,,,,,
,0.010181,,,,,,
,0.010181,,,,,,
,0.010181,,,,,,
,0.010181,,,,,,
,0.010181,,,,,,
,0.01018,,,,,,
,0.010178,,,,,,
,0.010181,,,,,,
,0.010181,,,,,,
,0.01018,,,,,,
,0.010183,,,,,,
,0.010184,,,,,,
,0.010183,,,,,,
,0.010184,,,,,,
,0.010184,,,,,,
,0.010185,,,,,,
,0.010186,,,,,,
,0.010186,,,,,,
,0.010186,,,,,,
,0.010187,,,,,,
,0.010188,,,,,,
,0.010189,,,,,,
,0.010189,,,,,,
,0.010188,,,,,,
,0.010188,,,,,,
,0.010186,,,,,,
,0.010188,,,,,,
,0.010187,,,,,,
,0.010186,,,,,,
,0.010187,,,,,,
,0.010186,,,,,,
,0.010187,,,,,,
,0.010187,,,,,,
,0.010187,,,,,,
,0.010187,,,,,,
,0.010188,,,,,,
,0.010187,,,,,,
,0.010186,,,,,,
,0.010184,,,,,,
,0.010186,,,,,,
,0.010186,,,,,,
,0.010186,,,,,,
,0.010184,,,,,,
,0.010184,,,,,,
,0.010182,,,,,,
,0.010182,,,,,,
,0.010182,,,,,,
,0.010183,,,,,,
,0.010182,,,,,,
,0.010181,,,,,,
,0.010181,,,,,,
,0.010183,,,,,,
,0.010183,,,,,,
,0.010182,,,,,,
,0.010182,,,,,,
,0.010181,,,,,,
,0.010183,,,,,,
,0.010182,,,,,,
,0.010184,,,,,,
,0.010183,,,,,,
,0.010183,,,,,,
,0.010182,,,,,,
,0.010181,,,,,,
,0.010183,,,,,,
,0.010183,,,,,,
,0.010183,,,,,,
,0.010183,,,,,,
,0.010183,,,,,,
,0.010183,,,,,,
,0.010184,,,,,,
,0.010183,,,,,,
,0.010184,,,,,,
,0.010182,,,,,,
,0.010183,,,,,,
,0.010181,,,,,,
,0.010181,,,,,,
,0.010181,,,,,,
,0.01018,,,,,,
,0.010179,,,,,,
,0.010179,,,,,,
,0.010178,,,,,,
,0.01018,,,,,,
,0.01018,,,,,,
,0.010181,,,,,,
,0.01018,,,,,,
,0.01018,,,,,,
,0.010178,,,,,,
,0.010179,,,,,,
,0.010177,,,,,,
,0.010177,,,,,,
,0.010177,,,,,,
,0.010177,,,,,,
,0.010177,,,,,,
,0.010178,,,,,,
,0.010177,,,,,,
,0.010177,,,,,,
,0.010179,,,,,,
,0.010181,,,,,,
,0.010181,,,,,,
,0.01018,,,,,,
,0.01018,,,,,,
,0.01018,,,,,,
,0.010182,,,,,,
,0.010183,,,,,,
,0.010182,,,,,,
,0.010183,,,,,,
,0.010184,,,,,,
,0.010182,,,,,,
,0.010183,,,,,,
,0.010183,,,,,,
,0.010181,,,,,,
,0.01018,,,,,,
,0.010181,,,,,,
,0.010181,,,,,,
,0.01018,,,,,,
,0.01018,,,,,,
,0.01018,,,,,,
,0.01018,,,,,,
,0.010178,,,,,,
,0.010179,,,,,,
,0.010179,,,,,,
,0.010179,,,,,,
,0.01018,,,,,,
,0.01018,,,,,,
,0.010179,,,,,,
,0.010181,,,,,,
,0.010181,,,,,,
,0.010181,,,,,,
,0.010179,,,,,,
,0.010179,,,,,,
,0.010178,,,,,,
,0.010175,,,,,,
,0.010175,,,,,,
,0.010175,,,,,,
,0.010174,,,,,,
,0.010176,,,,,,
,0.010175,,,,,,
,0.010174,,,,,,
,0.010173,,,,,,
,0.010175,,,,,,
,0.010175,,,,,,
,0.010178,,,,,,
,0.010181,,,,,,
,0.01018,,,,,,
,0.01018,,,,,,
,0.01018,,,,,,
,0.010181,,,,,,
,0.01018,,,,,,
,0.010181,,,,,,
,0.01018,,,,,,
,0.010178,,,,,,
,0.010179,,,,,,
,0.010178,,,,,,
,0.010178,,,,,,
,0.010177,,,,,,
,0.010179,,,,,,
,0.010181,,,,,,
,0.010179,,,,,,
,0.010177,,,,,,
,0.010177,,,,,,
,0.010176,,,,,,
,0.010178,,,,,,
,0.010177,,,,,,
,0.010176,,,,,,
,0.010177,,,,,,
,0.010177,,,,,,
,0.010178,,,,,,
,0.010177,,,,,,
,0.010178,,,,,,
,0.010176,,,,,,
,0.010176,,,,,,
,0.010176,,,,,,
,0.010176,,,,,,
,0.010175,,,,,,
,0.010175,,,,,,
,0.010174,,,,,,
,0.010175,,,,,,
,0.010175,,,,,,
,0.010175,,,,,,
,0.010173,,,,,,
,0.010174,,,,,,
,0.010175,,,,,,
,0.010174,,,,,,
,0.010173,,,,,,
,0.010173,,,,,,
,0.010173,,,,,,
,0.010174,,,,,,
,0.010172,,,,,,
,0.010172,,,,,,
,0.010171,,,,,,
,0.010171,,,,,,
,0.01017,,,,,,
,0.010172,,,,,,
,0.010173,,,,,,
,0.010174,,,,,,
,0.010173,,,,,,
,0.010173,,,,,,
,0.010174,,,,,,
,0.010174,,,,,,
,0.010175,,,,,,
,0.010175,,,,,,
,0.010174,,,,,,
,0.010176,,,,,,
,0.010174,,,,,,
,0.010173,,,,,,
,0.010173,,,,,,
,0.010172,,,,,,
,0.010172,,,,,,
,0.010172,,,,,,
,0.010174,,,,,,
,0.010173,,,,,,
,0.010173,,,,,,
,0.010173,,,,,,
,0.010173,,,,,,
,0.010174,,,,,,
,0.010173,,,,,,
,0.010173,,,,,,
,0.010174,,,,,,
,0.010174,,,,,,
,0.010174,,,,,,
,0.010174,,,,,,
,0.010172,,,,,,
,0.010172,,,,,,
,0.010171,,,,,,
,0.010172,,,,,,
,0.010172,,,,,,
,0.010172,,,,,,
,0.01017,,,,,,
,0.01017,,,,,,
,0.010171,,,,,,
,0.010171,,,,,,
,0.010171,,,,,,
,0.010173,,,,,,
,0.010172,,,,,,
,0.010172,,,,,,
,0.010171,,,,,,
,0.010171,,,,,,
,0.010171,,,,,,
,0.01017,,,,,,
,0.01017,,,,,,
,0.010173,,,,,,
,0.010173,,,,,,
,0.010171,,,,,,
,0.010171,,,,,,
,0.010171,,,,,,
,0.01017,,,,,,
,0.010171,,,,,,
,0.010171,,,,,,
,0.01017,,,,,,
,0.010169,,,,,,
,0.010169,,,,,,
,0.010169,,,,,,
,0.010169,,,,,,
,0.010169,,,,,,
,0.01017,,,,,,
,0.010171,,,,,,
,0.010169,,,,,,
,0.01017,,,,,,
,0.01017,,,,,,
,0.010169,,,,,,
,0.01017,,,,,,
,0.01017,,,,,,
,0.010169,,,,,,
,0.010169,,,,,,
,0.01017,,,,,,
,0.010169,,,,,,
,0.010171,,,,,,
,0.010171,,,,,,
,0.010171,,,,,,
,0.010171,,,,,,
,0.010171,,,,,,
,0.01017,,,,,,
,0.01017,,,,,,
,0.010172,,,,,,
,0.010173,,,,,,
,0.010173,,,,,,
,0.010173,,,,,,
,0.010174,,,,,,
,0.010175,,,,,,
,0.010175,,,,,,
,0.010175,,,,,,
,0.010173,,,,,,
,0.010174,,,,,,
,0.010175,,,,,,
,0.010175,,,,,,
,0.010175,,,,,,
,0.010173,,,,,,
,0.010175,,,,,,
,0.010175,,,,,,
,0.010175,,,,,,
,0.010174,,,,,,
,0.010174,,,,,,
,0.010175,,,,,,
,0.010175,,,,,,
,0.010175,,,,,,
,0.010176,,,,,,
,0.010175,,,,,,
,0.010175,,,,,,
,0.010176,,,,,,
,0.010177,,,,,,
,0.010178,,,,,,
,0.010178,,,,,,
,0.010178,,,,,,
,0.010177,,,,,,
,0.010177,,,,,,
,0.010178,,,,,,
,0.010175,,,,,,
,0.010176,,,,,,
,0.010177,,,,,,
,0.010177,,,,,,
,0.010175,,,,,,
,0.010174,,,,,,
,0.010174,,,,,,
,0.010175,,,,,,
,0.010177,,,,,,
,0.010177,,,,,,
,0.010177,,,,,,
,0.010174,,,,,,
,0.010174,,,,,,
,0.010174,,,,,,
,0.010173,,,,,,
,0.010171,,,,,,
,0.010171,,,,,,
,0.010171,,,,,,
,0.01017,,,,,,
,0.010171,,,,,,
,0.010173,,,,,,
,0.010173,,,,,,
,0.010172,,,,,,
,0.010171,,,,,,
,0.01017,,,,,,
,0.01017,,,,,,
,0.01017,,,,,,
,0.010169,,,,,,
,0.010169,,,,,,
,0.010168,,,,,,
,0.010168,,,,,,
,0.010168,,,,,,
,0.010168,,,,,,
,0.010169,,,,,,
,0.010169,,,,,,
,0.010169,,,,,,
,0.010169,,,,,,
,0.01017,,,,,,
,0.01017,,,,,,
,0.01017,,,,,,
,0.010169,,,,,,
,0.010171,,,,,,
,0.010171,,,,,,
,0.010172,,,,,,
,0.010172,,,,,,
,0.010171,,,,,,
,0.010173,,,,,,
,0.010172,,,,,,
,0.010172,,,,,,
,0.010175,,,,,,
,0.010175,,,,,,
,0.010174,,,,,,
,0.010175,,,,,,
,0.010174,,,,,,
,0.010174,,,,,,
,0.010174,,,,,,
,0.010173,,,,,,
,0.010171,,,,,,
,0.010171,,,,,,
,0.010169,,,,,,
,0.01017,,,,,,
,0.010169,,,,,,
,0.01017,,,,,,
,0.010171,,,,,,
,0.010171,,,,,,
,0.010173,,,,,,
,0.010172,,,,,,
,0.010174,,,,,,
,0.010174,,,,,,
,0.010173,,,,,,
,0.010173,,,,,,
,0.01017,,,,,,
,0.01017,,,,,,
,0.01017,,,,,,
,0.01017,,,,,,
,0.010169,,,,,,
,0.01017,,,,,,
,0.010169,,,,,,
,0.010168,,,,,,
,0.010169,,,,,,
,0.010168,,,,,,
,0.010169,,,,,,
,0.010172,,,,,,
,0.010173,,,,,,
,0.010173,,,,,,
,0.010174,,,,,,
,0.010173,,,,,,
,0.010173,,,,,,
,0.010175,,,,,,
,0.010173,,,,,,
,0.010172,,,,,,
,0.010172,,,,,,
,0.010172,,,,,,
,0.010171,,,,,,
,0.010172,,,,,,
,0.010172,,,,,,
,0.010172,,,,,,
,0.010171,,,,,,
,0.010174,,,,,,
,0.010173,,,,,,
,0.010173,,,,,,
,0.010171,,,,,,
,0.010174,,,,,,
,0.010172,,,,,,
,0.01017,,,,,,
,0.01017,,,,,,
,0.010169,,,,,,
,0.01017,,,,,,
,0.01017,,,,,,
,0.01017,,,,,,
,0.01017,,,,,,
,0.010172,,,,,,
,0.010171,,,,,,
,0.01017,,,,,,
,0.01017,,,,,,
,0.01017,,,,,,
,0.01017,,,,,,
,0.010172,,,,,,
,0.010172,,,,,,
,0.010171,,,,,,
,0.01017,,,,,,
,0.010169,,,,,,
,0.010169,,,,,,
,0.01017,,,,,,
,0.010171,,,,,,
,0.010172,,,,,,
,0.010172,,,,,,
,0.010172,,,,,,
,0.010173,,,,,,
,0.010171,,,,,,
,0.010171,,,,,,
,0.010171,,,,,,
,0.010172,,,,,,
,0.010173,,,,,,
,0.010173,,,,,,
,0.010171,,,,,,
,0.010172,,,,,,
,0.010171,,,,,,
,0.010172,,,,,,
,0.01017,,,,,,
,0.010172,,,,,,
,0.010172,,,,,,
,0.010171,,,,,,
,0.010172,,,,,,
,0.010172,,,,,,
,0.01017,,,,,,
,0.01017,,,,,,
,0.010171,,,,,,
,0.010171,,,,,,
,0.010172,,,,,,
,0.010169,,,,,,
,0.010168,,,,,,
,0.010167,,,,,,
,0.010169,,,,,,
,0.010169,,,,,,
,0.01017,,,,,,
,0.01017,,,,,,
,0.010172,,,,,,
,0.010172,,,,,,
,0.010171,,,,,,
,0.010172,,,,,,
,0.010171,,,,,,
,0.010173,,,,,,
,0.010174,,,,,,
,0.010174,,,,,,
,0.010173,,,,,,
,0.010175,,,,,,
,0.010175,,,,,,
,0.010174,,,,,,
,0.010174,,,,,,
,0.010175,,,,,,
,0.010174,,,,,,
,0.010174,,,,,,
,0.010174,,,,,,
,0.010173,,,,,,
,0.01017,,,,,,
,0.01017,,,,,,
,0.010169,,,,,,
,0.010169,,,,,,
,0.010171,,,,,,
,0.010169,,,,,,
,0.010169,,,,,,
,0.010168,,,,,,
,0.010168,,,,,,
,0.010168,,,,,,
,0.010168,,,,,,
,0.010169,,,,,,
,0.010168,,,,,,
,0.010169,,,,,,
,0.010169,,,,,,
,0.010169,,,,,,
,0.010168,,,,,,
,0.010168,,,,,,
,0.010169,,,,,,
,0.01017,,,,,,
,0.010169,,,,,,
,0.01017,,,,,,
,0.010171,,,,,,
,0.010172,,,,,,
,0.010169,,,,,,
,0.01017,,,,,,
,0.010171,,,,,,
,0.010169,,,,,,
,0.010168,,,,,,
,0.010167,,,,,,
,0.010168,,,,,,
,0.010168,,,,,,
,0.010166,,,,,,
,0.010165,,,,,,
,0.010166,,,,,,
,0.010166,,,,,,
,0.010166,,,,,,
,0.010166,,,,,,
,0.010165,,,,,,
,0.010166,,,,,,
,0.010166,,,,,,
,0.010165,,,,,,
,0.010166,,,,,,
,0.010165,,,,,,
,0.010165,,,,,,
,0.010165,,,,,,
,0.010165,,,,,,
,0.010166,,,,,,
,0.010167,,,,,,
,0.010166,,,,,,
,0.010165,,,,,,
,0.010167,,,,,,
,0.010169,,,,,,
,0.010169,,,,,,
,0.01017,,,,,,
,0.01017,,,,,,
,0.01017,,,,,,
,0.010168,,,,,,
,0.010169,,,,,,
,0.010166,,,,,,
,0.010168,,,,,,
,0.010167,,,,,,
,0.010168,,,,,,
,0.010168,,,,,,
,0.010169,,,,,,
,0.01017,,,,,,
,0.010169,,,,,,
,0.010169,,,,,,
,0.010169,,,,,,
,0.010168,,,,,,
,0.010167,,,,,,
,0.010168,,,,,,
