Time step	Uncertainty	Uncertainty	Uncertainty	Uncertainty	Uncertainty	Uncertainty	Uncertainty
	dynamic	f=36	f=30	f=24	f=18	f=15	f=12
1	0.991793	0.986326	0.981744	0.974323	0.970781	0.979188	0.991829
2	0.982363	0.975486	0.966597	0.95476	0.94875	0.963594	0.98692
3	0.96981	0.964514	0.95345	0.938592	0.929782	0.948704	0.98265
4	0.955719	0.954857	0.941409	0.925111	0.912976	0.934948	0.978467
5	0.939402	0.945984	0.93084	0.91346	0.899089	0.922101	0.973923
6	0.924285	0.938125	0.921701	0.903968	0.886447	0.910031	0.969586
7	0.908736	0.930834	0.913301	0.895064	0.875519	0.898849	0.965031
8	0.894219	0.923942	0.905801	0.886839	0.86561	0.888557	0.960743
9	0.880944	0.917537	0.89879	0.878952	0.856998	0.879157	0.956583
10	0.868616	0.911444	0.892065	0.871764	0.849033	0.870061	0.952558
11	0.857649	0.905184	0.885247	0.864508	0.84153	0.861445	0.948239
12	0.846956	0.899034	0.879112	0.857611	0.83398	0.853218	0.943432
13	0.837512	0.89307	0.872755	0.850381	0.827125	0.845427	0.939211
14	0.828935	0.887279	0.866483	0.843507	0.820255	0.837893	0.934765
15	0.82049	0.881688	0.860044	0.83707	0.814044	0.830922	0.930443
16	0.81225	0.875917	0.853862	0.830568	0.807912	0.823877	0.925947
17	0.804799	0.870141	0.847365	0.824224	0.802069	0.816948	0.921529
18	0.797582	0.864472	0.840892	0.817549	0.796054	0.810221	0.917351
19	0.790379	0.858657	0.834502	0.811354	0.789603	0.803922	0.913203
20	0.783558	0.852758	0.828277	0.805186	0.783453	0.797668	0.909005
21	0.77674	0.847074	0.822196	0.799245	0.776754	0.791587	0.904952
22	0.769829	0.840979	0.815858	0.793604	0.770308	0.785563	0.900753
23	0.763058	0.834804	0.809527	0.78745	0.763932	0.779916	0.896646
24	0.755633	0.828878	0.803467	0.781577	0.757855	0.773937	0.892611
25	0.74862	0.822905	0.797336	0.775697	0.751761	0.768	0.888615
26	0.741614	0.816629	0.790795	0.77003	0.745552	0.76235	0.884705
27	0.734607	0.810688	0.78412	0.764447	0.739266	0.756482	0.880696
28	0.727793	0.804674	0.777912	0.758967	0.733078	0.750693	0.876906
29	0.721305	0.798732	0.771735	0.75311	0.726673	0.745112	0.87295
30	0.714324	0.793135	0.766073	0.747025	0.720619	0.739386	0.868995
31	0.707525	0.787275	0.760473	0.740486	0.714246	0.733788	0.865113
32	0.700691	0.781335	0.754936	0.734013	0.70766	0.728302	0.861355
33	0.693921	0.775441	0.749262	0.727502	0.701268	0.722831	0.857543
34	0.687565	0.769567	0.743399	0.721047	0.694641	0.717013	0.853807
35	0.681026	0.763963	0.737282	0.714683	0.688334	0.71115	0.849958
36	0.674542	0.758285	0.731415	0.708112	0.681854	0.70509	0.846201
37	0.667755	0.752716	0.725235	0.701363	0.675924	0.699422	0.842528
38	0.66119	0.747028	0.719534	0.694578	0.669966	0.69349	0.838945
39	0.654375	0.741432	0.713995	0.687649	0.664456	0.687743	0.835182
40	0.648033	0.735798	0.708452	0.681074	0.658762	0.681967	0.831698
41	0.642134	0.7304	0.702433	0.674385	0.652898	0.675867	0.828354
42	0.635996	0.724745	0.696816	0.668105	0.64693	0.67011	0.82482
43	0.629457	0.718988	0.691261	0.661491	0.641087	0.664506	0.821135
44	0.623306	0.713477	0.685289	0.655006	0.635151	0.658539	0.817394
45	0.616611	0.708247	0.679456	0.648722	0.629287	0.652667	0.813805
46	0.610077	0.702641	0.673506	0.642163	0.623555	0.646675	0.810412
47	0.603552	0.696988	0.667486	0.635506	0.61753	0.640706	0.806694
48	0.597132	0.691634	0.661693	0.62873	0.611433	0.634557	0.803164
49	0.590555	0.686032	0.655709	0.622056	0.605743	0.62845	0.799493
50	0.583971	0.680607	0.649847	0.615279	0.600199	0.622616	0.795998
51	0.577327	0.675061	0.644122	0.608128	0.594194	0.616728	0.792437
52	0.571023	0.669544	0.638295	0.601281	0.588457	0.610927	0.788879
53	0.564357	0.66405	0.632679	0.594081	0.58272	0.604847	0.785291
54	0.557471	0.65851	0.627034	0.587257	0.576607	0.598896	0.781736
55	0.550785	0.653329	0.621723	0.580289	0.570605	0.593101	0.778064
56	0.543925	0.648243	0.616384	0.573499	0.564228	0.587132	0.774647
57	0.537022	0.642911	0.610936	0.56735	0.558245	0.581515	0.771108
58	0.530368	0.637901	0.605721	0.560971	0.551817	0.575455	0.767703
59	0.523491	0.632587	0.600066	0.554562	0.545639	0.569601	0.76418
60	0.516716	0.62734	0.594597	0.547787	0.539491	0.563736	0.760632
61	0.509466	0.622174	0.589214	0.541575	0.533149	0.557929	0.757154
62	0.502517	0.616946	0.583653	0.535269	0.527036	0.552025	0.753644
63	0.495367	0.611676	0.578223	0.528688	0.521011	0.546235	0.750172
64	0.488329	0.606479	0.572565	0.522273	0.514991	0.54036	0.746688
65	0.48173	0.601246	0.567037	0.515921	0.508941	0.534575	0.743301
66	0.474882	0.596157	0.56111	0.509611	0.502899	0.52871	0.7399
67	0.468108	0.591095	0.55551	0.503348	0.496968	0.522588	0.736426
68	0.461412	0.586101	0.549917	0.496914	0.491078	0.516785	0.732913
69	0.45489	0.581069	0.544318	0.490559	0.48507	0.510572	0.729375
70	0.448348	0.575925	0.538479	0.484141	0.479304	0.504643	0.725752
71	0.441403	0.570936	0.532953	0.477683	0.473146	0.498536	0.722506
72	0.434717	0.565895	0.527241	0.471715	0.467043	0.492347	0.719106
73	0.428268	0.561116	0.521777	0.465556	0.461027	0.486446	0.715759
74	0.421997	0.556319	0.516243	0.459194	0.455022	0.480403	0.712422
75	0.4154	0.551546	0.510529	0.452917	0.449058	0.474108	0.709266
76	0.408843	0.546542	0.504651	0.44615	0.443109	0.468258	0.706006
77	0.40224	0.541568	0.498847	0.439918	0.437003	0.461986	0.70282
78	0.395333	0.536575	0.492957	0.433618	0.431228	0.456165	0.699557
79	0.389095	0.531885	0.486913	0.427216	0.425313	0.449687	0.696319
80	0.38263	0.526654	0.480903	0.421095	0.419199	0.443682	0.692905
81	0.375917	0.521139	0.475142	0.41503	0.413266	0.437225	0.689762
82	0.369136	0.515995	0.469292	0.40921	0.407001	0.431047	0.686545
83	0.362522	0.51086	0.463578	0.402772	0.400927	0.424812	0.683174
84	0.355945	0.505521	0.457707	0.396365	0.394627	0.418832	0.679922
85	0.349406	0.500371	0.452028	0.38978	0.388683	0.412936	0.676513
86	0.343056	0.495303	0.446084	0.383421	0.382815	0.406624	0.673258
87	0.336617	0.490273	0.439874	0.377468	0.376859	0.400604	0.67005
88	0.330392	0.485167	0.433911	0.371505	0.371181	0.394569	0.66691
89	0.323909	0.480114	0.428303	0.365463	0.365545	0.388541	0.663483
90	0.317448	0.475054	0.422739	0.359501	0.359387	0.382605	0.660161
91	0.310968	0.469938	0.416952	0.353441	0.35318	0.376731	0.65677
92	0.304505	0.464855	0.411231	0.347741	0.347197	0.37096	0.653616
93	0.298343	0.459759	0.405534	0.341872	0.341248	0.364794	0.650393
94	0.291935	0.454633	0.399824	0.336256	0.33511	0.358742	0.647295
95	0.285356	0.449618	0.394187	0.330437	0.329121	0.352617	0.644053
96	0.279016	0.44446	0.388577	0.32462	0.323134	0.346654	0.640812
97	0.272732	0.439619	0.382783	0.31886	0.317176	0.340842	0.63767
98	0.266487	0.434697	0.377115	0.313146	0.311049	0.335186	0.634299
99	0.260363	0.429732	0.371647	0.307632	0.30483	0.329498	0.630898
100	0.253761	0.424812	0.365904	0.302222	0.298651	0.323579	0.6276
101	0.247098	0.42012	0.360045	0.29682	0.292473	0.317727	0.624115
102	0.24043	0.415262	0.354242	0.291362	0.286235	0.311912	0.62087
103	0.233881	0.410487	0.348445	0.285569	0.279731	0.306067	0.617598
104	0.227321	0.405623	0.342515	0.279985	0.273182	0.299996	0.614514
105	0.220795	0.400642	0.336709	0.274195	0.266547	0.294014	0.61119
106	0.21444	0.395878	0.331209	0.268482	0.260144	0.288003	0.607859
107	0.208164	0.391216	0.325275	0.262594	0.25361	0.282151	0.604577
108	0.20156	0.386509	0.319497	0.256936	0.247172	0.276219	0.601036
109	0.194925	0.381653	0.313918	0.251161	0.240743	0.270493	0.597722
110	0.188418	0.376587	0.308211	0.245377	0.234471	0.264743	0.594286
111	0.182342	0.371764	0.302709	0.239642	0.228358	0.259011	0.591045
112	0.17614	0.36699	0.29734	0.234347	0.222344	0.253272	0.587718
113	0.170064	0.362042	0.29174	0.22883	0.216592	0.247949	0.584248
114	0.164178	0.357286	0.286366	0.223208	0.21079	0.242351	0.580804
115	0.158558	0.352558	0.280801	0.217676	0.204977	0.237119	0.577374
116	0.152976	0.347854	0.275585	0.212171	0.199099	0.231533	0.574144
117	0.14746	0.343226	0.270273	0.206794	0.193123	0.226083	0.570573
118	0.141861	0.338506	0.264967	0.201616	0.187364	0.220969	0.56685
119	0.135931	0.333941	0.259895	0.19641	0.181139	0.215671	0.563547
120	0.130382	0.32956	0.254815	0.19142	0.175017	0.210172	0.560095
121	0.124761	0.325094	0.249721	0.186392	0.169172	0.204738	0.556629
122	0.119371	0.320766	0.244611	0.181006	0.163117	0.199546	0.553244
123	0.114372	0.316186	0.239676	0.175636	0.157501	0.194469	0.549842
124	0.109162	0.311749	0.234734	0.170613	0.15172	0.189523	0.546557
125	0.103953	0.3074	0.22953	0.165369	0.145969	0.184371	0.543306
126	0.098853	0.302931	0.224335	0.160172	0.140412	0.179059	0.540189
127	0.093934	0.298674	0.219126	0.154843	0.134831	0.17402	0.536808
128	0.089156	0.294091	0.21398	0.149521	0.12941	0.169127	0.533504
129	0.084767	0.289547	0.208885	0.144253	0.124069	0.164345	0.530127
130	0.080293	0.285167	0.203791	0.139293	0.118695	0.159524	0.526739
131	0.076061	0.280861	0.198955	0.134584	0.113659	0.155036	0.523614
132	0.072084	0.27659	0.194071	0.129757	0.108538	0.150464	0.520293
133	0.068336	0.272303	0.189191	0.125133	0.103649	0.145842	0.516893
134	0.064775	0.267824	0.184439	0.120427	0.098695	0.141261	0.513547
135	0.061478	0.263361	0.179718	0.115969	0.094067	0.136846	0.510298
136	0.058499	0.25905	0.175128	0.111318	0.089704	0.132443	0.507202
137	0.055605	0.25466	0.170485	0.106864	0.085643	0.128092	0.503983
138	0.052821	0.250427	0.165879	0.102578	0.081485	0.123837	0.500727
139	0.050151	0.246109	0.161383	0.098375	0.077631	0.119804	0.497565
140	0.047622	0.24188	0.15703	0.094129	0.073616	0.115894	0.494297
141	0.045335	0.237625	0.152998	0.089793	0.069988	0.112199	0.491121
142	0.043122	0.233558	0.148905	0.085853	0.066375	0.108404	0.488092
143	0.041056	0.229676	0.144714	0.081765	0.06308	0.104799	0.485045
144	0.039125	0.225595	0.140903	0.077774	0.060124	0.101184	0.482007
145	0.037275	0.221532	0.136927	0.07413	0.057363	0.097711	0.478977
146	0.035648	0.217415	0.133164	0.070679	0.054577	0.094354	0.476035
147	0.034007	0.213397	0.129541	0.067211	0.051839	0.091044	0.473191
148	0.032582	0.209036	0.125726	0.063925	0.049312	0.087872	0.470163
149	0.031124	0.20494	0.121952	0.06057	0.046985	0.084892	0.467278
150	0.029782	0.201267	0.118387	0.057136	0.044727	0.082088	0.464166
151	0.028512	0.197315	0.114903	0.05405	0.042796	0.079272	0.461234
152	0.02737	0.193499	0.111394	0.051267	0.041051	0.076534	0.458375
153	0.026271	0.189875	0.108059	0.048787	0.039214	0.074018	0.45553
154	0.025294	0.18627	0.104779	0.04643	0.037416	0.071578	0.452567
155	0.024449	0.182836	0.101402	0.04418	0.035702	0.069251	0.4497
156	0.023553	0.179311	0.098188	0.042039	0.034087	0.066996	0.446787
157	0.022762	0.175725	0.094845	0.040223	0.032647	0.064866	0.443968
158	0.022014	0.172408	0.091773	0.038268	0.031312	0.062746	0.441183
159	0.021286	0.168925	0.088851	0.03662	0.030096	0.060726	0.438398
160	0.020641	0.165342	0.086	0.035047	0.028963	0.058837	0.435551
161	0.020031	0.162177	0.083342	0.033631	0.027866	0.056967	0.432769
162	0.019488	0.159047	0.080806	0.03223	0.026846	0.055119	0.429928
163	0.018981	0.155901	0.078203	0.030961	0.025804	0.053324	0.427388
164	0.018487	0.152838	0.075628	0.029685	0.024867	0.051649	0.424806
165	0.018058	0.14979	0.073206	0.028554	0.023942	0.049994	0.422316
166	0.017587	0.146669	0.070798	0.027548	0.023115	0.048463	0.419683
167	0.017195	0.143453	0.068632	0.026512	0.022331	0.04697	0.417066
168	0.016822	0.140442	0.066497	0.025653	0.021559	0.045561	0.414498
169	0.016473	0.137502	0.064359	0.024754	0.020901	0.044215	0.412001
170	0.01615	0.13471	0.062279	0.023953	0.02018	0.042867	0.409446
171	0.015837	0.131756	0.06029	0.023203	0.019558	0.0416	0.407031
172	0.015533	0.128974	0.058106	0.022501	0.018976	0.040453	0.404495
173	0.01526	0.126268	0.056156	0.021803	0.018472	0.039302	0.401966
174	0.014991	0.123649	0.054389	0.021186	0.017991	0.038168	0.399593
175	0.014712	0.121175	0.052441	0.020567	0.017527	0.037126	0.397285
176	0.014461	0.118639	0.050618	0.020014	0.017084	0.036085	0.394937
177	0.014244	0.116228	0.048935	0.019451	0.016713	0.035096	0.392513
178	0.014039	0.113701	0.047234	0.018929	0.016339	0.034139	0.390101
179	0.013861	0.11128	0.045567	0.018449	0.016014	0.033252	0.387711
180	0.013707	0.109064	0.043956	0.017982	0.015704	0.032386	0.385257
181	0.013549	0.106959	0.042553	0.017556	0.015378	0.031545	0.382795
182	0.013407	0.104945	0.041121	0.017165	0.015103	0.03074	0.380475
183	0.013268	0.10279	0.039813	0.016806	0.014828	0.029938	0.378039
184	0.013157	0.100849	0.038606	0.016454	0.014598	0.029151	0.375699
185	0.013014	0.099037	0.03745	0.016148	0.014354	0.028462	0.373443
186	0.012883	0.097263	0.036374	0.015857	0.014113	0.027752	0.371265
187	0.012766	0.095367	0.035367	0.015562	0.013923	0.027091	0.368934
188	0.012653	0.093584	0.034445	0.01531	0.013699	0.026439	0.366804
189	0.012549	0.09187	0.033539	0.015053	0.013509	0.025824	0.364509
190	0.012454	0.090125	0.032675	0.014809	0.01332	0.025244	0.362388
191	0.012364	0.088397	0.031872	0.014614	0.013143	0.024672	0.360154
192	0.012289	0.086742	0.03114	0.014418	0.012983	0.02411	0.357953
193	0.012204	0.085046	0.030418	0.014215	0.012841	0.023588	0.355656
194	0.012124	0.083458	0.029778	0.014024	0.012693	0.023079	0.353572
195	0.012059	0.081937	0.029147	0.013843	0.012565	0.022612	0.351312
196	0.011979	0.080459	0.028568	0.01368	0.012451	0.022165	0.349274
197	0.011916	0.079007	0.028022	0.013539	0.01233	0.021726	0.347097
198	0.011844	0.077606	0.027508	0.013403	0.012211	0.021283	0.34489
199	0.011778	0.076193	0.027002	0.013264	0.012102	0.020851	0.342874
200	0.011709	0.07479	0.02655	0.013146	0.012008	0.020452	0.340815
201	0.011652	0.073383	0.026126	0.013032	0.011926	0.020065	0.338784
202	0.01159	0.071911	0.025734	0.012923	0.011841	0.019687	0.336799
203	0.011535	0.070469	0.02534	0.012832	0.011765	0.019347	0.334775
204	0.011487	0.069207	0.024967	0.012732	0.011685	0.019014	0.332822
205	0.011444	0.067851	0.024587	0.012643	0.011613	0.018704	0.330807
206	0.011407	0.066597	0.024261	0.012558	0.011541	0.018405	0.328818
207	0.011362	0.065446	0.023921	0.012478	0.011478	0.018106	0.326987
208	0.011324	0.064397	0.023595	0.0124	0.011421	0.017843	0.325213
209	0.011278	0.063244	0.023286	0.012334	0.011362	0.017585	0.323156
210	0.011242	0.062186	0.02298	0.012265	0.011307	0.017318	0.321085
211	0.011206	0.061161	0.022684	0.012209	0.011261	0.017072	0.319212
212	0.011174	0.060154	0.022401	0.012151	0.011219	0.01683	0.317375
213	0.011146	0.059208	0.022132	0.012101	0.011165	0.016596	0.315505
214	0.011118	0.058324	0.021865	0.012056	0.011117	0.016369	0.313558
215	0.011093	0.057432	0.021611	0.012008	0.01108	0.016138	0.311873
216	0.011068	0.056611	0.021373	0.011963	0.01104	0.015918	0.310042
217	0.011046	0.05579	0.021111	0.01192	0.010998	0.015704	0.308298
218	0.011025	0.055025	0.020883	0.011879	0.010963	0.015501	0.306473
219	0.011004	0.054254	0.02065	0.011843	0.010932	0.015322	0.304717
220	0.010979	0.05347	0.020446	0.011807	0.0109	0.015138	0.302866
221	0.010966	0.052763	0.020224	0.011773	0.010869	0.014954	0.301034
222	0.010949	0.052045	0.019998	0.01174	0.01084	0.014788	0.299244
223	0.010931	0.051367	0.019777	0.011711	0.010811	0.014638	0.297495
224	0.010913	0.050721	0.019568	0.011684	0.010785	0.01449	0.295724
225	0.010899	0.050092	0.019377	0.011655	0.01076	0.014347	0.294089
226	0.010886	0.049471	0.019181	0.011627	0.010737	0.014215	0.292384
227	0.010873	0.04877	0.019007	0.011605	0.010717	0.014075	0.290745
228	0.010858	0.048132	0.018836	0.011582	0.010692	0.013941	0.289021
229	0.010848	0.04749	0.018664	0.011559	0.010674	0.013804	0.287405
230	0.010838	0.046854	0.018512	0.011538	0.010654	0.01367	0.285771
231	0.010828	0.046251	0.018362	0.011517	0.010642	0.013551	0.284133
232	0.010816	0.045653	0.018221	0.011497	0.010628	0.013429	0.282416
233	0.010807	0.045052	0.018078	0.011475	0.010615	0.013314	0.280755
234	0.010799	0.04449	0.017941	0.011454	0.0106	0.013214	0.279013
235	0.010789	0.043976	0.017814	0.011434	0.010587	0.01311	0.2773
236	0.010778	0.043469	0.017685	0.011413	0.010575	0.013013	0.27572
237	0.010771	0.042981	0.017556	0.011392	0.010561	0.012917	0.274095
238	0.010765	0.042474	0.017418	0.011375	0.01055	0.012825	0.272535
239	0.010755	0.041955	0.017305	0.011357	0.010542	0.012732	0.270989
240	0.010747	0.041472	0.017189	0.011339	0.010535	0.012643	0.269477
241	0.010737	0.041	0.017069	0.011322	0.010525	0.01256	0.26794
242	0.010732	0.040522	0.016953	0.011304	0.010517	0.012483	0.266417
243	0.010727	0.040077	0.016837	0.011288	0.01051	0.012403	0.264845
244	0.010717	0.039619	0.01672	0.011269	0.0105	0.012329	0.263375
245	0.010708	0.039164	0.016607	0.011253	0.010492	0.012261	0.261776
246	0.0107	0.038749	0.016507	0.011237	0.010487	0.012195	0.260387
247	0.010694	0.038307	0.016399	0.011222	0.010478	0.012128	0.258824
248	0.010684	0.037874	0.016295	0.011207	0.010473	0.012063	0.25736
249	0.010676	0.037432	0.016193	0.011195	0.01047	0.011998	0.255841
250	0.010667	0.037014	0.016091	0.011179	0.010465	0.011942	0.254327
251	0.010657	0.036591	0.015986	0.011167	0.010461	0.011884	0.252863
252	0.01065	0.036217	0.015899	0.011157	0.010456	0.011833	0.25142
253	0.010638	0.035796	0.015809	0.011148	0.010452	0.011783	0.249996
254	0.010627	0.035414	0.015715	0.011136	0.010447	0.011732	0.248561
255	0.010617	0.03499	0.015627	0.011127	0.010445	0.011684	0.247162
256	0.010607	0.034618	0.015538	0.011116	0.01044	0.011637	0.245781
257	0.010599	0.034249	0.015457	0.011106	0.010437	0.011585	0.244443
258	0.010592	0.033889	0.015373	0.011093	0.010433	0.01154	0.243097
259	0.010582	0.03351	0.015298	0.011083	0.010429	0.011498	0.241767
260	0.010574	0.033137	0.015221	0.011074	0.010426	0.011456	0.24045
261	0.010566	0.032801	0.015147	0.011066	0.010422	0.011415	0.239072
262	0.01056	0.032434	0.015072	0.011059	0.010419	0.011379	0.237839
263	0.010552	0.032073	0.01501	0.011049	0.010414	0.011338	0.236563
264	0.010545	0.031709	0.014939	0.011039	0.01041	0.011303	0.235296
265	0.010539	0.031326	0.014877	0.011031	0.010408	0.011273	0.234012
266	0.010534	0.030964	0.014813	0.011022	0.010406	0.011244	0.232672
267	0.010529	0.030651	0.014747	0.011015	0.010403	0.011212	0.231389
268	0.010523	0.030311	0.014678	0.011006	0.010401	0.011182	0.230105
269	0.010521	0.029991	0.014621	0.011	0.0104	0.011153	0.228841
270	0.010515	0.029683	0.014561	0.010993	0.010396	0.011122	0.227472
271	0.010508	0.029383	0.014509	0.010984	0.010394	0.011094	0.22628
272	0.010503	0.029105	0.014447	0.010979	0.010391	0.011067	0.225121
273	0.010498	0.028832	0.01438	0.010972	0.010386	0.011041	0.22391
274	0.010493	0.02858	0.014326	0.010965	0.010382	0.011017	0.222633
275	0.010488	0.028324	0.014277	0.010962	0.01038	0.010997	0.221377
276	0.010484	0.028083	0.014233	0.010957	0.010379	0.010974	0.220161
277	0.010479	0.027837	0.014178	0.010953	0.010376	0.010951	0.218977
278	0.010476	0.027578	0.014124	0.010948	0.010375	0.01093	0.217794
279	0.010471	0.027286	0.014082	0.010943	0.010373	0.010908	0.216553
280	0.010466	0.027027	0.014038	0.010938	0.010369	0.010888	0.215424
281	0.010464	0.026766	0.013994	0.010933	0.010367	0.010867	0.214307
282	0.010461	0.02653	0.013953	0.01093	0.010365	0.01085	0.213179
283	0.010459	0.026297	0.013913	0.010925	0.010367	0.010829	0.212049
284	0.010457	0.026076	0.013872	0.010922	0.010365	0.010811	0.210914
285	0.010456	0.025861	0.013834	0.010918	0.010366	0.010794	0.209833
286	0.010451	0.025613	0.013798	0.010917	0.010364	0.010778	0.208712
287	0.010446	0.025394	0.013756	0.010914	0.010362	0.010764	0.207636
288	0.010444	0.025167	0.013714	0.010913	0.010363	0.010748	0.206552
289	0.010439	0.024957	0.013678	0.01091	0.010361	0.010736	0.205508
290	0.010437	0.024739	0.013641	0.010905	0.010361	0.010722	0.204425
291	0.010435	0.024529	0.013602	0.010902	0.010359	0.010708	0.203363
292	0.010432	0.024317	0.013563	0.010898	0.010358	0.010695	0.202292
293	0.01043	0.024115	0.013528	0.010896	0.010356	0.010686	0.201261
294	0.010426	0.023902	0.013492	0.010892	0.010355	0.010674	0.200198
295	0.010424	0.023708	0.013452	0.01089	0.010355	0.010661	0.199152
296	0.010422	0.023519	0.013416	0.010887	0.010353	0.010648	0.198088
297	0.010419	0.023335	0.013382	0.010884	0.010353	0.010638	0.197025
298	0.010417	0.023156	0.013341	0.010882	0.010351	0.01063	0.196049
299	0.010415	0.022982	0.013314	0.010881	0.010352	0.010621	0.195012
300	0.010413	0.022801	0.013276	0.010878	0.010351	0.01061	0.193964
301	0.01041	0.022629	0.013243	0.010875	0.01035	0.010604	0.192907
302	0.010407	0.022472	0.013212	0.010871	0.010348	0.010594	0.19192
303	0.010406	0.022318	0.01318	0.010866	0.010347	0.010585	0.190913
304	0.010404	0.022166	0.013136	0.010865	0.010347	0.010574	0.189879
305	0.010403	0.02201	0.013102	0.010863	0.010346	0.010568	0.18891
306	0.0104	0.021878	0.013062	0.010859	0.010344	0.010559	0.187912
307	0.010397	0.021722	0.013022	0.010856	0.010344	0.010551	0.18691
308	0.010394	0.021581	0.012985	0.010853	0.010344	0.010546	0.185945
309	0.010392	0.02145	0.012933	0.010852	0.010345	0.010536	0.185013
310	0.01039	0.021318	0.012892	0.010848	0.010345	0.010529	0.183992
311	0.010389	0.021187	0.012851	0.010844	0.010346	0.010524	0.182986
312	0.010389	0.021071	0.012808	0.010839	0.010345	0.010517	0.182076
313	0.010388	0.020954	0.01277	0.010837	0.010346	0.010508	0.181082
314	0.010387	0.020836	0.012725	0.010834	0.010345	0.0105	0.180113
315	0.010386	0.020726	0.012681	0.010832	0.010347	0.010492	0.179146
316	0.010385	0.020615	0.012643	0.010829	0.010347	0.010487	0.178236
317	0.010384	0.020499	0.012612	0.010825	0.010346	0.010482	0.177249
318	0.010384	0.020398	0.01258	0.010818	0.010347	0.010479	0.17629
319	0.010382	0.020291	0.012541	0.010814	0.010344	0.010474	0.175334
320	0.01038	0.020183	0.012508	0.010811	0.010342	0.010468	0.174509
321	0.010379	0.020069	0.012474	0.010807	0.01034	0.010464	0.173613
322	0.010379	0.019969	0.012447	0.010803	0.01034	0.010457	0.172675
323	0.010378	0.019869	0.01242	0.010798	0.01034	0.010452	0.171782
324	0.010377	0.01976	0.012394	0.010794	0.010338	0.010449	0.170919
325	0.010377	0.019669	0.012361	0.010789	0.010338	0.010445	0.170088
326	0.010376	0.019576	0.012337	0.010786	0.010338	0.01044	0.169181
327	0.010375	0.019486	0.012309	0.010782	0.010337	0.010438	0.168307
328	0.010375	0.019396	0.012283	0.010778	0.010335	0.010434	0.167398
329	0.010375	0.019311	0.012254	0.010774	0.010335	0.010432	0.166556
330	0.010374	0.019218	0.012218	0.01077	0.010334	0.010429	0.165742
331	0.010373	0.019133	0.012185	0.010766	0.010334	0.010427	0.164926
332	0.010373	0.019047	0.012148	0.010762	0.010333	0.010424	0.164069
333	0.010372	0.01896	0.012117	0.010758	0.010333	0.010422	0.163244
334	0.010372	0.018879	0.012092	0.010755	0.010333	0.01042	0.162357
335	0.010371	0.018798	0.01206	0.010751	0.010336	0.01042	0.161521
336	0.010369	0.018723	0.012035	0.010751	0.010336	0.010417	0.16069
337	0.010367	0.018644	0.012003	0.010745	0.010335	0.010414	0.159876
338	0.010367	0.018566	0.011979	0.010744	0.010333	0.010409	0.159115
339	0.010365	0.01849	0.011957	0.010742	0.010333	0.01041	0.158312
340	0.010365	0.018414	0.011935	0.010738	0.010331	0.010407	0.157521
341	0.010366	0.018342	0.01191	0.010736	0.01033	0.010408	0.156749
342	0.010366	0.018267	0.011893	0.010733	0.010331	0.010405	0.155963
343	0.010365	0.018197	0.011872	0.010732	0.01033	0.010405	0.155188
344	0.010366	0.018131	0.011852	0.010731	0.01033	0.010401	0.154387
345	0.010364	0.01806	0.011835	0.010729	0.010331	0.010397	0.153585
346	0.010363	0.017988	0.01182	0.010728	0.010331	0.010393	0.152797
347	0.010363	0.01792	0.011804	0.010726	0.010332	0.010392	0.15204
348	0.010361	0.017846	0.011788	0.010723	0.010331	0.010391	0.151257
349	0.010361	0.017775	0.011774	0.010722	0.010331	0.010388	0.150478
350	0.01036	0.017704	0.01176	0.01072	0.01033	0.010385	0.149736
351	0.010357	0.017639	0.011747	0.010718	0.010328	0.010382	0.149047
352	0.010358	0.017573	0.011729	0.010715	0.010327	0.010381	0.148218
353	0.010358	0.017506	0.011713	0.010713	0.010327	0.010379	0.147485
354	0.010359	0.017435	0.011701	0.01071	0.010326	0.010375	0.146801
355	0.010358	0.017364	0.011685	0.010709	0.010327	0.010371	0.146061
356	0.010357	0.017302	0.01167	0.010708	0.010326	0.010368	0.145337
357	0.010356	0.017232	0.011656	0.010706	0.010326	0.010369	0.144623
358	0.010358	0.017167	0.011642	0.010703	0.010325	0.010366	0.14391
359	0.010357	0.017108	0.011629	0.010701	0.010326	0.010367	0.14328
360	0.010358	0.017046	0.011611	0.010701	0.010327	0.010367	0.142629
361	0.010357	0.016976	0.011595	0.0107	0.010327	0.010364	0.141923
362	0.010358	0.016916	0.011581	0.010697	0.010328	0.010364	0.141202
363	0.010357	0.01686	0.011567	0.010695	0.010327	0.010362	0.140503
364	0.010357	0.016791	0.011551	0.010695	0.010327	0.010359	0.139842
365	0.010358	0.016728	0.011539	0.010693	0.010326	0.010358	0.139151
366	0.010355	0.016661	0.011528	0.010693	0.010325	0.010357	0.138461
367	0.010353	0.016596	0.011516	0.010692	0.010324	0.010357	0.13781
368	0.010353	0.016537	0.011506	0.010691	0.010325	0.010354	0.137119
369	0.010353	0.01647	0.011495	0.010688	0.010325	0.010353	0.136507
370	0.010352	0.016413	0.011487	0.010686	0.010324	0.010353	0.135848
371	0.010352	0.016352	0.011479	0.010682	0.010324	0.010353	0.135171
372	0.010353	0.016286	0.011469	0.010682	0.010323	0.010354	0.134517
373	0.010352	0.016229	0.01146	0.01068	0.010325	0.010351	0.133877
374	0.010352	0.016169	0.011452	0.010678	0.010324	0.01035	0.133226
375	0.010351	0.016116	0.011444	0.010676	0.010324	0.010349	0.132592
376	0.01035	0.016065	0.011435	0.010675	0.010322	0.010348	0.131984
377	0.010349	0.016008	0.011429	0.010676	0.010323	0.010348	0.131397
378	0.01035	0.015946	0.011423	0.010675	0.010324	0.010346	0.130777
379	0.010349	0.01588	0.011416	0.010674	0.010324	0.010344	0.130177
380	0.010349	0.01582	0.011409	0.010671	0.010323	0.010341	0.129578
381	0.010348	0.015764	0.011403	0.01067	0.010322	0.010344	0.128949
382	0.010347	0.015709	0.011398	0.010669	0.010321	0.01034	0.128326
383	0.010347	0.015651	0.011389	0.010667	0.010322	0.01034	0.127713
384	0.010347	0.015598	0.011381	0.010665	0.010323	0.01034	0.127171
385	0.010345	0.015548	0.011377	0.010665	0.010322	0.010339	0.12658
386	0.010344	0.015499	0.01137	0.010663	0.01032	0.010337	0.125955
387	0.010343	0.015446	0.011364	0.010663	0.010318	0.010337	0.125377
388	0.010343	0.015406	0.011358	0.010662	0.010319	0.010336	0.124817
389	0.010342	0.015367	0.011356	0.010661	0.010318	0.010332	0.124238
390	0.01034	0.015323	0.011353	0.010659	0.010319	0.01033	0.12366
391	0.010339	0.015281	0.011348	0.010659	0.010317	0.01033	0.123085
392	0.010339	0.015242	0.011345	0.010657	0.010317	0.010329	0.122482
393	0.010338	0.015202	0.011339	0.010657	0.010315	0.010329	0.121942
394	0.010338	0.015165	0.011335	0.010657	0.010316	0.010328	0.121376
395	0.010336	0.01513	0.011332	0.010655	0.010315	0.010328	0.120824
396	0.010335	0.015093	0.011328	0.010654	0.010315	0.010328	0.120264
397	0.010335	0.015062	0.011326	0.010652	0.010315	0.01033	0.119737
398	0.010336	0.015026	0.011322	0.010651	0.010314	0.010329	0.119228
399	0.010336	0.014991	0.011317	0.010652	0.010313	0.01033	0.118669
400	0.010335	0.014958	0.011313	0.010653	0.010313	0.010331	0.118095
401	0.010334	0.014927	0.011311	0.010653	0.010314	0.01033	0.117572
402	0.010334	0.014893	0.011306	0.010652	0.010314	0.010328	0.11704
403	0.010332	0.014863	0.011302	0.010651	0.010312	0.010328	0.116479
404	0.010333	0.01483	0.011297	0.010651	0.01031	0.010328	0.115952
405	0.010332	0.014799	0.011294	0.010652	0.010312	0.010324	0.115429
406	0.010334	0.014762	0.011291	0.010652	0.010311	0.010323	0.114898
407	0.010334	0.014734	0.011288	0.010652	0.01031	0.010324	0.114437
408	0.010336	0.0147	0.011285	0.010651	0.010312	0.010322	0.113961
409	0.010337	0.01467	0.011281	0.010651	0.01031	0.010321	0.113456
410	0.010336	0.014637	0.011276	0.010651	0.010311	0.010321	0.112973
411	0.010335	0.014603	0.011271	0.010649	0.010311	0.010319	0.112434
412	0.010334	0.014576	0.011268	0.010648	0.010311	0.01032	0.111968
413	0.010333	0.014549	0.011264	0.010647	0.01031	0.01032	0.111469
414	0.010335	0.014522	0.011258	0.010648	0.01031	0.010319	0.110984
415	0.010335	0.014498	0.011254	0.010647	0.01031	0.010319	0.110521
416	0.010334	0.014476	0.011251	0.010647	0.010311	0.010318	0.110011
417	0.010333	0.014454	0.011246	0.010648	0.010312	0.010318	0.109509
418	0.010334	0.014433	0.011242	0.010646	0.010311	0.010319	0.109029
419	0.010333	0.014408	0.011237	0.010646	0.010311	0.010317	0.108575
420	0.010333	0.014385	0.011234	0.010646	0.010311	0.010315	0.108096
421	0.010335	0.014362	0.011227	0.010646	0.010311	0.010314	0.107616
422	0.010334	0.014339	0.011224	0.010646	0.010311	0.010313	0.107185
423	0.010333	0.014317	0.011219	0.010645	0.010312	0.010313	0.10673
424	0.010332	0.014294	0.011214	0.010645	0.01031	0.010314	0.106233
425	0.010329	0.014272	0.011209	0.010644	0.01031	0.010313	0.105783
426	0.01033	0.014246	0.011204	0.010643	0.01031	0.010314	0.105361
427	0.010331	0.014221	0.011202	0.010642	0.010311	0.010311	0.104931
428	0.010331	0.014196	0.011198	0.010642	0.010311	0.010312	0.104502
429	0.010329	0.014172	0.011195	0.010643	0.010311	0.01031	0.104058
430	0.010328	0.014151	0.011191	0.010642	0.010311	0.010308	0.103562
431	0.010328	0.01413	0.011186	0.010643	0.010312	0.010308	0.103078
432	0.010328	0.014108	0.011182	0.010643	0.010311	0.010307	0.102661
433	0.010328	0.014087	0.011177	0.010641	0.010309	0.010308	0.102234
434	0.010327	0.014067	0.011172	0.01064	0.010311	0.010307	0.101793
435	0.010326	0.014046	0.011169	0.01064	0.01031	0.010308	0.101337
436	0.010327	0.014024	0.011167	0.01064	0.01031	0.010306	0.100944
437	0.010327	0.014002	0.011162	0.010641	0.010311	0.010307	0.100505
438	0.010326	0.013978	0.011157	0.010642	0.010311	0.010306	0.100111
439	0.010326	0.013955	0.011152	0.010642	0.010309	0.010306	0.099653
440	0.010326	0.013933	0.011149	0.010643	0.010309	0.010308	0.099183
441	0.010328	0.013913	0.011145	0.010643	0.010308	0.010308	0.098781
442	0.010328	0.013891	0.011141	0.010643	0.010308	0.01031	0.098338
443	0.010327	0.013874	0.011137	0.010643	0.010308	0.010311	0.097904
444	0.010325	0.013858	0.011134	0.010643	0.010309	0.01031	0.097485
445	0.010324	0.013842	0.011132	0.010644	0.010311	0.010308	0.097062
446	0.010324	0.013826	0.01113	0.010644	0.010311	0.010308	0.096591
447	0.010324	0.013812	0.011127	0.010642	0.01031	0.010308	0.096155
448	0.010323	0.013794	0.011123	0.010643	0.010311	0.010308	0.095737
449	0.010322	0.013777	0.01112	0.010642	0.010312	0.010306	0.095324
450	0.010321	0.013763	0.011117	0.010641	0.010313	0.010307	0.094937
451	0.010321	0.013742	0.011114	0.010641	0.010313	0.010304	0.094531
452	0.010321	0.013722	0.011112	0.010642	0.010312	0.010303	0.094133
453	0.01032	0.013702	0.011108	0.010639	0.010311	0.010302	0.093727
454	0.010321	0.013685	0.011106	0.01064	0.010312	0.010304	0.093352
455	0.010319	0.013663	0.011104	0.010641	0.010309	0.010305	0.092957
456	0.010319	0.013645	0.011099	0.01064	0.010308	0.010305	0.092549
457	0.010318	0.01363	0.011096	0.01064	0.010309	0.010307	0.092212
458	0.01032	0.013616	0.011093	0.010641	0.010309	0.010305	0.091878
459	0.010319	0.013599	0.01109	0.010641	0.010309	0.010304	0.091514
460	0.010319	0.013585	0.011087	0.010641	0.010308	0.010303	0.091135
461	0.010318	0.013571	0.011085	0.010641	0.010309	0.010301	0.090765
462	0.010315	0.013556	0.011082	0.01064	0.010309	0.010302	0.090422
463	0.010316	0.013539	0.011079	0.010639	0.010309	0.010303	0.090054
464	0.010314	0.013525	0.011077	0.010639	0.010311	0.010304	0.089693
465	0.010316	0.013512	0.011073	0.010639	0.01031	0.010306	0.089294
466	0.010314	0.0135	0.01107	0.010639	0.010309	0.010305	0.08889
467	0.010314	0.013485	0.011068	0.010639	0.010308	0.010303	0.088498
468	0.010315	0.013471	0.011065	0.010637	0.010307	0.010303	0.088157
469	0.010315	0.013458	0.011062	0.010637	0.010306	0.010303	0.087778
470	0.010315	0.013443	0.011061	0.010636	0.010307	0.010301	0.087415
471	0.010316	0.013426	0.011059	0.010636	0.010307	0.0103	0.087059
472	0.010315	0.01341	0.011058	0.010636	0.010305	0.010298	0.086712
473	0.010316	0.013393	0.011054	0.010635	0.010304	0.010297	0.086342
474	0.010315	0.013375	0.011051	0.010636	0.010304	0.010298	0.085948
475	0.010314	0.013354	0.011047	0.010634	0.010303	0.010297	0.085631
476	0.010313	0.013339	0.011045	0.010635	0.010303	0.010297	0.085289
477	0.010314	0.013321	0.011042	0.010635	0.010302	0.010297	0.084946
478	0.010312	0.013302	0.011041	0.010633	0.010302	0.0103	0.084628
479	0.010313	0.013289	0.011039	0.010631	0.010301	0.0103	0.0843
480	0.010312	0.013274	0.011039	0.01063	0.010302	0.0103	0.083939
481	0.010312	0.013258	0.011036	0.010632	0.010302	0.010301	0.083605
482	0.010311	0.013242	0.011034	0.010632	0.010303	0.010299	0.08328
483	0.010311	0.013225	0.011031	0.010631	0.010303	0.010298	0.082928
484	0.010311	0.013206	0.011028	0.010631	0.010303	0.010296	0.082607
485	0.010312	0.013192	0.011026	0.010632	0.010305	0.010295	0.082255
486	0.010311	0.013173	0.011024	0.010632	0.010304	0.010298	0.08192
487	0.010311	0.013156	0.011022	0.010631	0.010304	0.010297	0.081602
488	0.010311	0.013143	0.011021	0.010629	0.010304	0.010297	0.081286
489	0.01031	0.013128	0.011018	0.010628	0.010303	0.010299	0.080948
490	0.010311	0.013115	0.011017	0.010629	0.010304	0.010299	0.080628
491	0.01031	0.013105	0.011016	0.010627	0.010305	0.010299	0.080302
492	0.010311	0.013092	0.011013	0.010628	0.010306	0.010297	0.079997
493	0.010312	0.013079	0.011011	0.010629	0.010306	0.010298	0.079696
494	0.010312	0.013067	0.011009	0.010627	0.010306	0.0103	0.079376
495	0.01031	0.013056	0.011008	0.010628	0.010307	0.010299	0.079054
496	0.010309	0.013045	0.011005	0.010629	0.010306	0.010298	0.078747
497	0.01031	0.013033	0.011005	0.010628	0.010305	0.010298	0.078453
498	0.010309	0.013025	0.011003	0.010628	0.010305	0.010298	0.078119
499	0.010309	0.013013	0.011001	0.010629	0.010303	0.010297	0.077811
500	0.01031	0.013003	0.010999	0.010629	0.010303	0.010297	0.077521
501	0.010311	0.012992	0.010998	0.010629	0.010303	0.010296	0.077202
502	0.01031	0.012982	0.010997	0.010628	0.010302	0.010297	0.076898
503	0.010308	0.012972	0.010994	0.010627	0.010301	0.010297	0.076578
504	0.010308	0.012963	0.010992	0.010628	0.010301	0.010297	0.076272
505	0.010309	0.012954	0.010991	0.010628	0.010301	0.010297	0.07597
506	0.010309	0.012945	0.010989	0.010628	0.010302	0.010297	0.075664
507	0.010308	0.012935	0.010987	0.010628	0.0103	0.010296	0.075379
508	0.010308	0.012925	0.010985	0.010628	0.010299	0.010297	0.075131
509	0.010307	0.012913	0.010983	0.010628	0.010298	0.010299	0.074824
510	0.010305	0.012906	0.01098	0.010629	0.010297	0.010298	0.074508
511	0.010306	0.012896	0.010979	0.010629	0.010295	0.010297	0.074232
512	0.010305	0.012886	0.010978	0.01063	0.010296	0.010298	0.07392
513	0.010305	0.012878	0.010976	0.01063	0.010297	0.010296	0.073652
514	0.010304	0.012869	0.010973	0.01063	0.010296	0.010296	0.073357
515	0.010304	0.01286	0.010972	0.010629	0.010298	0.010295	0.073067
516	0.010304	0.012854	0.01097	0.010628	0.010298	0.010295	0.072768
517	0.010304	0.012846	0.010968	0.010629	0.010298	0.010294	0.0725
518	0.010305	0.012837	0.010967	0.01063	0.010297	0.010291	0.072198
519	0.010304	0.012829	0.010964	0.010631	0.010296	0.010293	0.071908
520	0.010305	0.01282	0.010963	0.01063	0.010296	0.010291	0.071601
521	0.010303	0.012811	0.01096	0.01063	0.010295	0.010291	0.071321
522	0.010302	0.012804	0.010958	0.010627	0.010295	0.010291	0.071048
523	0.010302	0.012795	0.010956	0.010625	0.010296	0.010292	0.070768
524	0.0103	0.012788	0.010954	0.010626	0.010295	0.010292	0.070485
525	0.0103	0.01278	0.010952	0.010626	0.010295	0.010293	0.070222
526	0.0103	0.012774	0.01095	0.010627	0.010295	0.010292	0.069952
527	0.0103	0.012764	0.010949	0.010625	0.010294	0.010291	0.069724
528	0.010301	0.012751	0.010948	0.010626	0.010293	0.010289	0.069462
529	0.010301	0.01274	0.010947	0.010625	0.010293	0.010288	0.069169
530	0.010301	0.012724	0.010947	0.010624	0.010291	0.010289	0.068909
531	0.010303	0.012716	0.010947	0.010625	0.010292	0.010288	0.068645
532	0.010302	0.012708	0.010946	0.010623	0.010291	0.010289	0.068375
533	0.010301	0.012697	0.010945	0.010621	0.010288	0.010288	0.068168
534	0.010302	0.012684	0.010944	0.010622	0.010288	0.010287	0.067942
535	0.010301	0.012672	0.010942	0.010622	0.010287	0.010289	0.067656
536	0.010301	0.012663	0.010941	0.010622	0.010288	0.01029	0.067378
537	0.010302	0.01265	0.01094	0.010623	0.010291	0.010292	0.067113
538	0.010304	0.012637	0.010938	0.010624	0.010291	0.010292	0.066861
539	0.010302	0.012619	0.010939	0.010622	0.010291	0.010292	0.066634
540	0.010303	0.012604	0.010938	0.010622	0.010291	0.010291	0.066377
541	0.010302	0.012595	0.010939	0.010623	0.01029	0.010292	0.066104
542	0.010302	0.012585	0.010938	0.010622	0.010289	0.01029	0.065862
543	0.0103	0.012582	0.010936	0.010623	0.010291	0.01029	0.065624
544	0.010299	0.012574	0.010935	0.010622	0.010291	0.010291	0.065397
545	0.010299	0.012564	0.010937	0.010621	0.010288	0.01029	0.065156
546	0.010298	0.012559	0.010935	0.010623	0.010287	0.010291	0.064897
547	0.010297	0.012551	0.010934	0.010624	0.010287	0.01029	0.064666
548	0.010295	0.012542	0.010934	0.010625	0.010287	0.010291	0.06443
549	0.010297	0.012535	0.010933	0.010625	0.010286	0.01029	0.064182
550	0.010296	0.012528	0.010932	0.010624	0.010285	0.010288	0.063946
551	0.010295	0.012521	0.010931	0.010624	0.010283	0.010287	0.063724
552	0.010294	0.012515	0.010931	0.010624	0.010283	0.010287	0.063499
553	0.010295	0.012508	0.01093	0.010625	0.010285	0.010284	0.063284
554	0.010294	0.012502	0.010928	0.010625	0.010284	0.010282	0.063092
555	0.010295	0.012496	0.010927	0.010627	0.010284	0.010282	0.062882
556	0.010295	0.012491	0.010927	0.010627	0.010285	0.010281	0.062654
557	0.010295	0.012486	0.010926	0.010626	0.010284	0.010282	0.06242
558	0.010295	0.012482	0.010925	0.010626	0.010283	0.010281	0.062182
559	0.010296	0.012479	0.010925	0.010626	0.010283	0.010279	0.061972
560	0.010296	0.012474	0.010925	0.010626	0.010284	0.010281	0.061747
561	0.010297	0.012469	0.010926	0.010625	0.010283	0.010282	0.061541
562	0.010297	0.012464	0.010925	0.010625	0.010284	0.010284	0.061281
563	0.010296	0.012459	0.010924	0.010625	0.010285	0.010285	0.061072
564	0.010295	0.012453	0.010925	0.010623	0.010284	0.010284	0.060874
565	0.010295	0.012448	0.010924	0.010622	0.010285	0.010285	0.06064
566	0.010294	0.012442	0.010923	0.010621	0.010286	0.010285	0.060428
567	0.010295	0.012438	0.010923	0.010621	0.010287	0.010285	0.06021
568	0.010294	0.012434	0.010923	0.01062	0.010285	0.010286	0.059998
569	0.010293	0.012431	0.010923	0.010621	0.010287	0.010285	0.059805
570	0.010292	0.012429	0.010923	0.010621	0.010285	0.010286	0.059602
571	0.010294	0.012424	0.010924	0.01062	0.010286	0.010284	0.059389
572	0.010295	0.012421	0.010924	0.010619	0.010285	0.010284	0.059171
573	0.010294	0.012416	0.010923	0.010618	0.010285	0.010284	0.058971
574	0.010293	0.012412	0.010923	0.010619	0.010283	0.010283	0.058773
575	0.010294	0.012406	0.010923	0.010619	0.010283	0.010283	0.058545
576	0.010293	0.012402	0.010922	0.010617	0.010283	0.010283	0.058338
577	0.010291	0.012397	0.010921	0.010617	0.010283	0.010284	0.058127
578	0.010291	0.012392	0.01092	0.010617	0.010284	0.010285	0.057933
579	0.01029	0.012387	0.01092	0.010616	0.010283	0.010286	0.057698
580	0.01029	0.012379	0.010919	0.010616	0.010283	0.010287	0.05749
581	0.010291	0.012372	0.01092	0.010616	0.010283	0.010285	0.057249
582	0.01029	0.012366	0.010919	0.010616	0.010282	0.010285	0.057099
583	0.01029	0.012361	0.010919	0.010616	0.010281	0.010283	0.056897
584	0.01029	0.012357	0.010918	0.010614	0.010283	0.010286	0.056696
585	0.010291	0.01235	0.010919	0.010614	0.010284	0.010284	0.056498
586	0.010289	0.012344	0.010918	0.010614	0.010283	0.010285	0.056309
587	0.01029	0.012338	0.010917	0.010613	0.010282	0.010283	0.056129
588	0.010289	0.012334	0.010916	0.010613	0.010283	0.010283	0.055953
589	0.010288	0.012329	0.010914	0.010612	0.010285	0.010283	0.05578
590	0.010288	0.012324	0.010914	0.010612	0.010282	0.010284	0.055599
591	0.01029	0.012319	0.010912	0.010613	0.01028	0.010285	0.055411
592	0.01029	0.012316	0.010911	0.010614	0.010282	0.010286	0.055226
593	0.01029	0.012311	0.010911	0.010614	0.010283	0.010285	0.055027
594	0.010291	0.012309	0.01091	0.010614	0.010284	0.010287	0.054823
595	0.010289	0.012305	0.010909	0.010614	0.010282	0.010289	0.05461
596	0.01029	0.0123	0.010907	0.010613	0.01028	0.010288	0.054421
597	0.01029	0.012296	0.010908	0.010614	0.010281	0.010287	0.054254
598	0.010289	0.012292	0.010907	0.010615	0.010283	0.010289	0.054084
599	0.010291	0.012288	0.010907	0.010614	0.010283	0.010287	0.0539
600	0.010289	0.012287	0.010906	0.010613	0.010282	0.010287	0.053712
601	0.01029	0.012283	0.010905	0.010612	0.010281	0.010287	0.053516
602	0.010288	0.012278	0.010906	0.010613	0.010282	0.010287	0.053343
603	0.010288	0.012273	0.010906	0.010613	0.010283	0.010286	0.053179
604	0.010286	0.012269	0.010906	0.010613	0.010283	0.010288	0.053024
605	0.010287	0.012266	0.010906	0.010612	0.010282	0.010289	0.052846
606	0.010288	0.01226	0.010907	0.010612	0.010282	0.010288	0.052661
607	0.010287	0.012257	0.010906	0.010612	0.010281	0.010288	0.052489
608	0.010287	0.012252	0.010906	0.010613	0.010281	0.010285	0.052293
609	0.010285	0.012248	0.010906	0.010612	0.010282	0.010285	0.052094
610	0.010285	0.012245	0.010906	0.010611	0.010284	0.010286	0.051933
611	0.010288	0.012241	0.010904	0.010611	0.010282	0.010285	0.051776
612	0.010287	0.012237	0.010904	0.010611	0.010281	0.010288	0.051606
613	0.010286	0.012236	0.010903	0.010613	0.01028	0.010287	0.05144
614	0.010287	0.012233	0.010902	0.010613	0.01028	0.010287	0.051276
615	0.010286	0.01223	0.010903	0.010614	0.01028	0.010287	0.051108
616	0.010286	0.012226	0.010903	0.010614	0.010279	0.010286	0.050928
617	0.010285	0.012223	0.010903	0.010614	0.010278	0.010286	0.050765
618	0.010284	0.01222	0.010903	0.010614	0.010278	0.010286	0.050616
619	0.010285	0.012216	0.010901	0.010613	0.010278	0.010286	0.050446
620	0.010285	0.012213	0.0109	0.010613	0.010279	0.010283	0.050265
621	0.010284	0.01221	0.010899	0.010611	0.01028	0.010283	0.050087
622	0.010287	0.012207	0.010899	0.010611	0.010282	0.010284	0.049921
623	0.010288	0.012205	0.010898	0.01061	0.010283	0.010285	0.04976
624	0.010288	0.012204	0.010896	0.01061	0.010282	0.010287	0.049592
625	0.010287	0.012201	0.010897	0.010608	0.01028	0.010286	0.049427
626	0.010288	0.012195	0.010895	0.010607	0.01028	0.010284	0.049265
627	0.010288	0.01219	0.010894	0.010609	0.01028	0.010283	0.049106
628	0.010288	0.012187	0.010894	0.010609	0.010281	0.010282	0.048952
629	0.010287	0.012182	0.010895	0.010609	0.010282	0.010282	0.048787
630	0.010288	0.012178	0.010895	0.01061	0.010281	0.01028	0.048623
631	0.010289	0.012175	0.010893	0.010609	0.01028	0.010281	0.048476
632	0.01029	0.01217	0.010893	0.010608	0.010278	0.010281	0.048319
633	0.010289	0.012165	0.010892	0.010608	0.010278	0.010281	0.048139
634	0.01029	0.012161	0.010893	0.010607	0.010278	0.010281	0.047978
635	0.01029	0.012158	0.010892	0.010607	0.010277	0.010279	0.04782
636	0.01029	0.012154	0.010892	0.010606	0.010276	0.010281	0.047662
637	0.010289	0.012151	0.01089	0.010608	0.010276	0.01028	0.047506
638	0.01029	0.012146	0.01089	0.010608	0.010277	0.010279	0.047351
639	0.010288	0.012143	0.010889	0.010608	0.010276	0.01028	0.047185
640	0.01029	0.012139	0.010889	0.010607	0.01028	0.01028	0.047025
641	0.01029	0.012135	0.010889	0.010605	0.010279	0.010278	0.046889
642	0.010289	0.01213	0.01089	0.010607	0.01028	0.010276	0.04673
643	0.010287	0.012125	0.01089	0.010606	0.010278	0.010277	0.046575
644	0.010287	0.012121	0.01089	0.010606	0.010277	0.010275	0.046428
645	0.010288	0.012116	0.010891	0.010606	0.010277	0.010275	0.046275
646	0.010288	0.012112	0.010892	0.010606	0.010276	0.010274	0.046128
647	0.010289	0.012107	0.01089	0.010606	0.010277	0.010273	0.045967
648	0.010288	0.012104	0.01089	0.010606	0.010276	0.010273	0.045821
649	0.010288	0.012101	0.01089	0.010607	0.010277	0.010275	0.045648
650	0.010287	0.012096	0.010891	0.010606	0.010277	0.010276	0.045492
651	0.010287	0.012093	0.010892	0.010605	0.010277	0.010274	0.04535
652	0.010287	0.01209	0.010891	0.010606	0.010277	0.010273	0.045197
653	0.010287	0.012086	0.010891	0.010606	0.010277	0.010278	0.045059
654	0.010285	0.012083	0.010891	0.010607	0.010277	0.010274	0.044924
655	0.010284	0.01208	0.01089	0.010608	0.010278	0.010273	0.044781
656	0.010286	0.012078	0.010891	0.010608	0.01028	0.010273	0.044653
657	0.010286	0.012077	0.01089	0.010608	0.01028	0.010275	0.044491
658	0.010285	0.012075	0.010889	0.010606	0.010278	0.010274	0.044347
659	0.010286	0.012074	0.010889	0.010605	0.010277	0.010274	0.044204
660	0.010286	0.012073	0.010888	0.010606	0.010278	0.010272	0.044056
661	0.010285	0.01207	0.010889	0.010607	0.010278	0.010269	0.043913
662	0.010286	0.012068	0.010889	0.010606	0.010279	0.010271	0.043779
663	0.010286	0.012065	0.01089	0.010606	0.010278	0.010269	0.043655
664	0.010284	0.012064	0.01089	0.010606	0.010276	0.010269	0.043527
665	0.010284	0.012061	0.01089	0.010605	0.010276	0.010269	0.043397
666	0.010284	0.01206	0.010889	0.010605	0.010277	0.01027	0.043261
667	0.010283	0.012057	0.01089	0.010606	0.010277	0.010272	0.043134
668	0.010281	0.012056	0.01089	0.010604	0.010277	0.01027	0.042991
669	0.010283	0.012055	0.010889	0.010605	0.010278	0.010271	0.042873
670	0.010283	0.012054	0.01089	0.010605	0.010277	0.01027	0.042754
671	0.010283	0.012052	0.01089	0.010605	0.010277	0.010269	0.042633
672	0.010283	0.012049	0.01089	0.010605	0.010277	0.010268	0.042502
673	0.010285	0.012048	0.01089	0.010605	0.010277	0.010267	0.042378
674	0.010286	0.012048	0.010889	0.010604	0.010276	0.010269	0.042232
675	0.010286	0.012045	0.010889	0.010604	0.010275	0.010268	0.042094
676	0.010284	0.012043	0.010889	0.010605	0.010275	0.01027	0.041967
677	0.010283	0.012039	0.010889	0.010604	0.010275	0.01027	0.041847
678	0.010283	0.012038	0.010889	0.010604	0.010273	0.010271	0.041702
679	0.010284	0.012035	0.010889	0.010604	0.010274	0.010272	0.041567
680	0.010281	0.012033	0.010889	0.010604	0.010274	0.010274	0.041428
681	0.010281	0.012032	0.010888	0.010604	0.010274	0.010273	0.041286
682	0.010281	0.01203	0.010888	0.010603	0.010274	0.010275	0.041157
683	0.010281	0.012029	0.010888	0.010604	0.010275	0.010275	0.041026
684	0.010281	0.012027	0.010887	0.010602	0.010274	0.010273	0.040894
685	0.010282	0.012025	0.010888	0.010602	0.010274	0.010272	0.040791
686	0.010281	0.012024	0.010887	0.010603	0.010272	0.010273	0.040659
687	0.01028	0.012021	0.010886	0.010602	0.010271	0.010274	0.040546
688	0.01028	0.012019	0.010886	0.010602	0.010268	0.010276	0.040441
689	0.01028	0.012015	0.010885	0.010602	0.01027	0.01028	0.040315
690	0.010281	0.012013	0.010884	0.010605	0.01027	0.01028	0.040202
691	0.01028	0.01201	0.010884	0.010603	0.010272	0.01028	0.040078
692	0.010282	0.01201	0.010884	0.010603	0.010271	0.010281	0.039981
693	0.010283	0.012008	0.010883	0.010601	0.010272	0.010279	0.039861
694	0.010283	0.012006	0.010885	0.010602	0.01027	0.010279	0.039741
695	0.010282	0.012005	0.010884	0.010602	0.01027	0.010279	0.039618
696	0.010282	0.012005	0.010884	0.010602	0.01027	0.010279	0.039493
697	0.010282	0.012003	0.010884	0.010603	0.010269	0.010278	0.039392
698	0.01028	0.012002	0.010884	0.010604	0.010269	0.010277	0.039291
699	0.01028	0.012002	0.010883	0.010603	0.010268	0.010275	0.039162
700	0.01028	0.012001	0.010883	0.010604	0.010268	0.010275	0.039043
701	0.010281	0.012	0.010883	0.010603	0.010268	0.010274	0.038931
702	0.010282	0.011999	0.010883	0.010604	0.010267	0.010273	0.038824
703	0.010282	0.011997	0.010884	0.010602	0.010268	0.010275	0.038713
704	0.010282	0.011995	0.010885	0.010604	0.010268	0.010275	0.038604
705	0.010283	0.011993	0.010884	0.010604	0.010269	0.010276	0.038487
706	0.010284	0.011993	0.010884	0.010604	0.010269	0.010276	0.038376
707	0.010285	0.011993	0.010882	0.010603	0.010269	0.010275	0.038257
708	0.010284	0.011991	0.010882	0.010604	0.010271	0.010275	0.038137
709	0.010284	0.011989	0.010882	0.010604	0.010271	0.010277	0.038031
710	0.010283	0.011989	0.010882	0.010604	0.01027	0.010276	0.037904
711	0.010282	0.011988	0.010881	0.010603	0.010271	0.010276	0.0378
712	0.010282	0.011988	0.01088	0.010603	0.010273	0.010274	0.037687
713	0.010282	0.011988	0.01088	0.010604	0.010273	0.010277	0.037594
714	0.010283	0.011987	0.010881	0.010604	0.010273	0.010278	0.037476
715	0.010283	0.011986	0.010879	0.010604	0.010272	0.010277	0.037357
716	0.010284	0.011985	0.010879	0.010603	0.010272	0.010278	0.037248
717	0.010285	0.011984	0.010878	0.010604	0.010272	0.010278	0.03715
718	0.010284	0.011983	0.010878	0.010603	0.010271	0.010276	0.037044
719	0.010284	0.011982	0.010877	0.010604	0.01027	0.010276	0.036943
720	0.010283	0.011983	0.010877	0.010605	0.010268	0.010276	0.036837
721	0.010284	0.011983	0.010877	0.010604	0.010266	0.010276	0.036744
722	0.010283	0.011982	0.010877	0.010603	0.010269	0.010276	0.036645
723	0.010282	0.011982	0.010876	0.010602	0.010268	0.010275	0.03654
724	0.010284	0.011981	0.010876	0.010603	0.010269	0.010275	0.036437
725	0.010284	0.011981	0.010875	0.010603	0.010269	0.010274	0.036338
726	0.010283	0.01198	0.010874	0.010602	0.010268	0.010274	0.036238
727	0.010283	0.01198	0.010874	0.010601	0.010267	0.010273	0.036131
728	0.010283	0.01198	0.010874	0.0106	0.010267	0.010272	0.036016
729	0.010283	0.011979	0.010874	0.0106	0.010267	0.010274	0.035913
730	0.010282	0.011979	0.010872	0.010598	0.010269	0.010273	0.035801
731	0.010282	0.011978	0.010872	0.010601	0.010267	0.010273	0.03569
732	0.010282	0.011977	0.010873	0.010601	0.010267	0.010273	0.035586
733	0.010281	0.011977	0.010873	0.010601	0.010267	0.010273	0.035486
734	0.01028	0.011976	0.010873	0.0106	0.010269	0.010274	0.035367
735	0.010281	0.011975	0.010873	0.0106	0.01027	0.010276	0.035277
736	0.010282	0.011974	0.010873	0.0106	0.010269	0.010277	0.035183
737	0.01028	0.011973	0.010874	0.0106	0.010268	0.010276	0.035084
738	0.010279	0.011971	0.010873	0.0106	0.010267	0.010274	0.034983
739	0.010278	0.01197	0.010873	0.0106	0.010268	0.010274	0.034883
740	0.010278	0.011969	0.010872	0.0106	0.010268	0.010273	0.034785
741	0.010278	0.011969	0.010872	0.010601	0.010268	0.010273	0.034695
742	0.010278	0.011967	0.010871	0.010601	0.010268	0.010275	0.034597
743	0.010278	0.011965	0.010872	0.0106	0.010266	0.010275	0.034506
744	0.010277	0.011964	0.010872	0.0106	0.010265	0.010274	0.034417
745	0.010278	0.011962	0.010873	0.0106	0.010266	0.010274	0.034324
746	0.01028	0.01196	0.010874	0.0106	0.010265	0.010274	0.034227
747	0.010282	0.011959	0.010872	0.010599	0.010265	0.010274	0.034131
748	0.010283	0.011958	0.010872	0.010598	0.010268	0.010274	0.034026
749	0.010283	0.011957	0.010872	0.010597	0.010266	0.010273	0.033939
750	0.010283	0.011957	0.010871	0.010596	0.010266	0.010275	0.033863
751	0.010283	0.011956	0.01087	0.010598	0.010267	0.010276	0.033758
752	0.010284	0.011954	0.010868	0.010597	0.010266	0.010276	0.033663
753	0.010282	0.011952	0.010869	0.010597	0.010265	0.010275	0.033564
754	0.010282	0.01195	0.010869	0.010597	0.010265	0.010276	0.033471
755	0.010284	0.011949	0.010867	0.010596	0.010265	0.010276	0.033369
756	0.010282	0.011948	0.010865	0.010596	0.010266	0.010276	0.033293
757	0.010281	0.011947	0.010864	0.010594	0.010266	0.010278	0.033215
758	0.010282	0.011947	0.010864	0.010594	0.010265	0.010278	0.033115
759	0.010283	0.011947	0.010864	0.010594	0.010265	0.010279	0.033021
760	0.010282	0.011947	0.010864	0.010596	0.010264	0.01028	0.032924
761	0.010282	0.011947	0.010864	0.010597	0.010264	0.010278	0.032845
762	0.010284	0.011945	0.010863	0.010598	0.010263	0.010278	0.032774
763	0.010282	0.011944	0.010862	0.010598	0.010264	0.010279	0.03267
764	0.01028	0.011943	0.010862	0.010597	0.010265	0.010279	0.032584
765	0.01028	0.011942	0.010861	0.010596	0.010264	0.010278	0.032504
766	0.010279	0.011943	0.010862	0.010596	0.010264	0.010278	0.032415
767	0.010279	0.011941	0.010861	0.010594	0.010263	0.010279	0.032328
768	0.010277	0.011941	0.010861	0.010594	0.010263	0.01028	0.03225
769	0.010277	0.01194	0.010861	0.010594	0.010264	0.01028	0.032161
770	0.010277	0.011939	0.01086	0.010592	0.010263	0.01028	0.032074
771	0.010277	0.011937	0.010861	0.010593	0.010264	0.01028	0.031981
772	0.010277	0.011936	0.01086	0.010591	0.010264	0.010279	0.031895
773	0.010277	0.011937	0.010861	0.010592	0.010264	0.01028	0.031791
774	0.010277	0.011935	0.010861	0.010592	0.010263	0.010277	0.031703
775	0.01028	0.011934	0.010861	0.010591	0.010262	0.010276	0.031626
776	0.01028	0.011934	0.01086	0.01059	0.010262	0.010278	0.031543
777	0.01028	0.011934	0.010859	0.010588	0.010263	0.010276	0.031445
778	0.010279	0.011936	0.010858	0.010589	0.010261	0.010277	0.031364
779	0.010279	0.011935	0.010857	0.010588	0.010262	0.010278	0.031287
780	0.01028	0.011935	0.010858	0.010587	0.010263	0.010278	0.031201
781	0.010279	0.011934	0.010857	0.010587	0.010262	0.010277	0.031108
782	0.010279	0.011933	0.010857	0.010586	0.010263	0.010277	0.031015
783	0.010281	0.011931	0.010857	0.010585	0.010263	0.010278	0.030922
784	0.01028	0.011931	0.010855	0.010586	0.010262	0.010279	0.03084
785	0.010279	0.01193	0.010855	0.010586	0.010264	0.010277	0.03076
786	0.010281	0.01193	0.010854	0.010585	0.010263	0.010278	0.030676
787	0.010281	0.011929	0.010854	0.010583	0.010263	0.010278	0.030594
788	0.010281	0.011928	0.010854	0.010583	0.010263	0.010278	0.030509
789	0.01028	0.011927	0.010852	0.010582	0.010262	0.01028	0.030433
790	0.01028	0.011926	0.010852	0.010581	0.010262	0.010279	0.030358
791	0.010278	0.011925	0.01085	0.010581	0.010263	0.010277	0.030271
792	0.010278	0.011924	0.01085	0.010581	0.010264	0.010276	0.030184
793	0.010279	0.011923	0.010849	0.010581	0.010265	0.010274	0.030092
794	0.010279	0.011924	0.010849	0.01058	0.010264	0.010271	0.030004
795	0.010278	0.011923	0.010849	0.01058	0.010265	0.010273	0.029929
796	0.010278	0.011922	0.010849	0.01058	0.010264	0.010272	0.029844
797	0.010279	0.01192	0.010847	0.010578	0.010266	0.01027	0.029775
798	0.010279	0.011919	0.010846	0.010577	0.010265	0.010271	0.029695
799	0.010279	0.011918	0.010844	0.010578	0.010266	0.010271	0.029633
800	0.01028	0.011918	0.010843	0.010579	0.010265	0.01027	0.029551
801	0.01028	0.011916	0.010842	0.010579	0.010264	0.01027	0.029476
802	0.010279	0.011916	0.010842	0.010579	0.010265	0.010269	0.029394
803	0.010278	0.011916	0.010843	0.010576	0.010266	0.010269	0.029311
804	0.010277	0.011915	0.010843	0.010577	0.010265	0.010269	0.029257
805	0.010277	0.011915	0.010842	0.010577	0.010263	0.010268	0.029178
806	0.010277	0.011914	0.01084	0.010575	0.010262	0.010267	0.02912
807	0.010278	0.011913	0.01084	0.010575	0.010263	0.010266	0.029052
808	0.010276	0.011912	0.010839	0.010575	0.010264	0.010266	0.028984
809	0.010275	0.011912	0.010839	0.010575	0.010262	0.010267	0.028925
810	0.010274	0.011911	0.010838	0.010576	0.010262	0.010268	0.028861
811	0.010274	0.01191	0.010838	0.010576	0.010262	0.010269	0.028775
812	0.010275	0.01191	0.010838	0.010574	0.010264	0.010269	0.028706
813	0.010277	0.011911	0.010837	0.010574	0.010263	0.01027	0.028632
814	0.010277	0.011911	0.010837	0.010574	0.010265	0.010272	0.02856
815	0.010277	0.011911	0.010836	0.010573	0.010264	0.010272	0.028487
816	0.010276	0.01191	0.010836	0.010574	0.010263	0.010272	0.028407
817	0.010275	0.011909	0.010836	0.010575	0.010264	0.010271	0.028327
818	0.010275	0.011908	0.010835	0.010575	0.010266	0.010273	0.028259
819	0.010274	0.011908	0.010833	0.010577	0.010268	0.010273	0.028198
820	0.010275	0.011907	0.010833	0.010576	0.010267	0.010271	0.028139
821	0.010277	0.011908	0.010833	0.010576	0.010266	0.010269	0.028068
822	0.010277	0.011908	0.010832	0.010575	0.010264	0.010269	0.027993
823	0.010276	0.011908	0.01083	0.010574	0.010266	0.01027	0.027937
824	0.010277	0.011908	0.01083	0.010574	0.010264	0.01027	0.027863
825	0.010277	0.011909	0.010829	0.010574	0.010266	0.010271	0.027799
826	0.010276	0.011909	0.010828	0.010574	0.010266	0.010273	0.027734
827	0.010277	0.011908	0.010828	0.010574	0.010265	0.010272	0.027677
828	0.010277	0.011907	0.010828	0.010575	0.010264	0.010274	0.027611
829	0.010277	0.011908	0.010828	0.010575	0.010263	0.010273	0.027549
830	0.010276	0.011906	0.010829	0.010574	0.010262	0.010274	0.027484
831	0.010276	0.011906	0.010827	0.010574	0.010262	0.010274	0.027422
832	0.010274	0.011907	0.010828	0.010573	0.010262	0.010274	0.027352
833	0.010275	0.011906	0.010828	0.010573	0.010264	0.010275	0.027293
834	0.010275	0.011905	0.010828	0.010574	0.010263	0.010277	0.027228
835	0.010277	0.011905	0.010826	0.010573	0.010262	0.010276	0.027166
836	0.010275	0.011904	0.010826	0.010573	0.010261	0.010276	0.027106
837	0.010276	0.011904	0.010826	0.010572	0.010263	0.010278	0.027036
838	0.010276	0.011902	0.010826	0.010571	0.010265	0.01028	0.026977
839	0.010276	0.011901	0.010826	0.010571	0.010265	0.010281	0.026909
840	0.010276	0.011902	0.010825	0.010571	0.010264	0.010282	0.026855
841	0.010276	0.011903	0.010825	0.010572	0.010262	0.010282	0.026795
842	0.010277	0.011901	0.010825	0.010573	0.010264	0.010282	0.026731
843	0.010277	0.0119	0.010826	0.010571	0.010264	0.010278	0.026682
844	0.010278	0.011899	0.010826	0.01057	0.010263	0.010278	0.026629
845	0.010279	0.011899	0.010826	0.01057	0.010262	0.010276	0.026572
846	0.010279	0.011897	0.010826	0.010572	0.010261	0.010276	0.026511
847	0.010278	0.011897	0.010825	0.010572	0.010262	0.010277	0.026449
848	0.010279	0.011896	0.010825	0.010572	0.010262	0.010278	0.026381
849	0.010279	0.011896	0.010824	0.010573	0.010262	0.010279	0.026325
850	0.010278	0.011895	0.010824	0.010574	0.010262	0.010282	0.026264
851	0.010277	0.011894	0.010825	0.010576	0.010263	0.010282	0.026211
852	0.010276	0.011893	0.010825	0.010576	0.010264	0.010282	0.026153
853	0.010276	0.011893	0.010824	0.010575	0.010265	0.010283	0.026086
854	0.010273	0.011893	0.010824	0.010575	0.010266	0.010283	0.026023
855	0.010273	0.011894	0.010825	0.010574	0.010266	0.010283	0.025959
856	0.010272	0.011892	0.010825	0.010575	0.010265	0.010283	0.025894
857	0.010273	0.011892	0.010825	0.010576	0.010265	0.010282	0.025833
858	0.010274	0.011891	0.010824	0.010575	0.010265	0.010281	0.025772
859	0.010273	0.01189	0.010824	0.010574	0.010265	0.01028	0.02571
860	0.010274	0.011889	0.010824	0.010574	0.010266	0.010281	0.025649
861	0.010274	0.011887	0.010824	0.010574	0.010266	0.010279	0.025582
862	0.010274	0.011885	0.010824	0.010575	0.010266	0.010277	0.025523
863	0.010275	0.011885	0.010824	0.010575	0.010265	0.010276	0.025457
864	0.010274	0.011885	0.010825	0.010573	0.010265	0.010275	0.0254
865	0.010275	0.011884	0.010824	0.010572	0.010264	0.010274	0.02535
866	0.010274	0.011883	0.010824	0.010573	0.010265	0.010272	0.025297
867	0.010273	0.011882	0.010824	0.010573	0.010264	0.010272	0.025235
868	0.010275	0.011881	0.010824	0.010571	0.010264	0.01027	0.025183
869	0.010275	0.01188	0.010825	0.010572	0.010264	0.010269	0.025114
870	0.010275	0.011879	0.010825	0.010571	0.010264	0.010269	0.025049
871	0.010275	0.011877	0.010826	0.01057	0.010265	0.010267	0.024994
872	0.010274	0.011876	0.010825	0.01057	0.010262	0.010267	0.024936
873	0.010273	0.011875	0.010824	0.010569	0.010262	0.010267	0.024887
874	0.010272	0.011874	0.010823	0.010568	0.010264	0.010267	0.024822
875	0.010275	0.011873	0.010824	0.010569	0.010264	0.010267	0.024767
876	0.010275	0.011873	0.010825	0.010569	0.010266	0.010265	0.024707
877	0.010275	0.011872	0.010825	0.010568	0.010266	0.010265	0.024655
878	0.010273	0.01187	0.010824	0.010569	0.010265	0.010264	0.02459
879	0.010273	0.011869	0.010823	0.010569	0.010264	0.010263	0.024543
880	0.010273	0.011868	0.010822	0.010568	0.010263	0.010264	0.0245
881	0.010275	0.011866	0.010823	0.010569	0.01026	0.010264	0.024447
882	0.010274	0.011865	0.010823	0.010568	0.010261	0.010263	0.024397
883	0.010273	0.011865	0.010821	0.010569	0.010259	0.010263	0.024356
884	0.010275	0.011865	0.010821	0.01057	0.010258	0.010263	0.0243
885	0.010274	0.011863	0.01082	0.010569	0.01026	0.010263	0.024243
886	0.010273	0.011864	0.010819	0.01057	0.010259	0.010264	0.024186
887	0.010274	0.011862	0.010819	0.010568	0.01026	0.010264	0.024135
888	0.010273	0.011861	0.010819	0.010567	0.010259	0.010267	0.024087
889	0.010273	0.011861	0.010819	0.010566	0.010259	0.010268	0.024035
890	0.010274	0.01186	0.01082	0.010567	0.010259	0.010263	0.023987
891	0.010274	0.011859	0.010821	0.010568	0.01026	0.010266	0.02394
892	0.010275	0.011858	0.010821	0.010567	0.01026	0.010264	0.023893
893	0.010273	0.011858	0.010821	0.010568	0.010259	0.010265	0.023838
894	0.010272	0.011857	0.010821	0.010567	0.010259	0.010264	0.023783
895	0.010273	0.011856	0.010822	0.010568	0.010259	0.010265	0.023738
896	0.010273	0.011856	0.01082	0.010567	0.010257	0.010263	0.023693
897	0.010273	0.011855	0.01082	0.010565	0.010259	0.010264	0.023646
898	0.010274	0.011854	0.01082	0.010565	0.010259	0.010263	0.023602
899	0.010273	0.011852	0.01082	0.010565	0.010258	0.010261	0.023546
900	0.010272	0.011852	0.010821	0.010564	0.010257	0.010263	0.023491
901	0.010273	0.011851	0.01082	0.010564	0.010256	0.010266	0.023438
902	0.010273	0.01185	0.010819	0.010565	0.010256	0.010267	0.023384
903	0.010272	0.011849	0.01082	0.010565	0.010255	0.010267	0.023341
904	0.010273	0.011848	0.01082	0.010565	0.010256	0.010266	0.023283
905	0.010272	0.011849	0.010821	0.010566	0.010257	0.010267	0.023239
906	0.010273	0.011847	0.010822	0.010565	0.010257	0.010268	0.02318
907	0.010271	0.011846	0.010822	0.010566	0.010259	0.010269	0.023133
908	0.010271	0.011844	0.010822	0.010564	0.010257	0.010269	0.023079
909	0.010271	0.011843	0.010822	0.010564	0.010258	0.01027	0.023019
910	0.010271	0.011842	0.010823	0.010564	0.010256	0.010268	0.022968
911	0.010271	0.011841	0.010823	0.010564	0.010257	0.010269	0.022912
912	0.010271	0.011841	0.010823	0.010564	0.010258	0.010266	0.022857
913	0.010271	0.01184	0.010821	0.010564	0.010256	0.010266	0.022804
914	0.01027	0.011839	0.010821	0.010564	0.010257	0.010266	0.022766
915	0.01027	0.011838	0.01082	0.010564	0.010257	0.010268	0.022717
916	0.01027	0.011836	0.010819	0.010565	0.010257	0.010268	0.022667
917	0.010272	0.011835	0.010819	0.010564	0.010257	0.010267	0.022618
918	0.010272	0.011835	0.01082	0.010565	0.010257	0.010265	0.022565
919	0.010271	0.011834	0.010819	0.010565	0.010258	0.010267	0.022503
920	0.010271	0.011834	0.010818	0.010564	0.010257	0.010265	0.022458
921	0.01027	0.011832	0.010819	0.010565	0.010256	0.010265	0.022411
922	0.010269	0.011832	0.01082	0.010565	0.010255	0.010265	0.022362
923	0.01027	0.01183	0.010818	0.010564	0.010256	0.010267	0.02231
924	0.010271	0.01183	0.010818	0.010564	0.010257	0.010266	0.022266
925	0.010269	0.011829	0.010818	0.010565	0.010256	0.010268	0.022216
926	0.010268	0.011829	0.010818	0.010565	0.010256	0.010265	0.022163
927	0.010269	0.011829	0.010817	0.010565	0.010255	0.010267	0.02211
928	0.010269	0.011828	0.010818	0.010564	0.010255	0.010267	0.022058
929	0.010269	0.011827	0.010818	0.010564	0.010255	0.010266	0.022011
930	0.01027	0.011825	0.010818	0.010565	0.010256	0.010266	0.021963
931	0.010269	0.011825	0.010818	0.010564	0.010257	0.010266	0.021923
932	0.010269	0.011825	0.010819	0.010565	0.010257	0.010267	0.02188
933	0.010268	0.011825	0.010819	0.010565	0.01026	0.010264	0.021826
934	0.010269	0.011823	0.010819	0.010565	0.010261	0.010262	0.021791
935	0.010269	0.011823	0.010821	0.010566	0.010259	0.010263	0.02175
936	0.010268	0.011821	0.010821	0.010566	0.010258	0.010262	0.021714
937	0.010269	0.011821	0.01082	0.010565	0.010257	0.010258	0.021666
938	0.010269	0.011821	0.01082	0.010566	0.010258	0.01026	0.021619
939	0.010269	0.01182	0.01082	0.010565	0.010258	0.01026	0.021572
940	0.010268	0.011818	0.01082	0.010565	0.010256	0.010259	0.021527
941	0.010268	0.011817	0.01082	0.010565	0.010256	0.01026	0.021482
942	0.01027	0.011816	0.01082	0.010565	0.010256	0.01026	0.021439
943	0.010269	0.011816	0.010819	0.010564	0.010257	0.010262	0.021397
944	0.010269	0.011815	0.010819	0.010565	0.010258	0.010261	0.02135
945	0.010268	0.011814	0.010818	0.010565	0.010259	0.010261	0.0213
946	0.010269	0.011814	0.010818	0.010566	0.010258	0.010263	0.021256
947	0.010269	0.011813	0.010818	0.010565	0.010257	0.010263	0.021214
948	0.01027	0.011813	0.010818	0.010564	0.010255	0.010263	0.021176
949	0.010269	0.011812	0.010818	0.010564	0.010257	0.010263	0.021135
950	0.010269	0.011812	0.010818	0.010564	0.010259	0.010262	0.021093
951	0.01027	0.011812	0.010818	0.010564	0.01026	0.010262	0.021057
952	0.010271	0.011811	0.010818	0.010563	0.010259	0.010262	0.021012
953	0.01027	0.011812	0.010818	0.010562	0.010259	0.010264	0.02097
954	0.01027	0.011812	0.010817	0.010562	0.010258	0.010265	0.020928
955	0.01027	0.011811	0.010817	0.010563	0.010257	0.010265	0.02089
956	0.010271	0.011811	0.010818	0.010563	0.010256	0.010265	0.020845
957	0.010272	0.011809	0.010817	0.010565	0.010256	0.010265	0.0208
958	0.010273	0.011808	0.010816	0.010564	0.010255	0.010263	0.020758
959	0.010271	0.011808	0.010816	0.010565	0.010257	0.010262	0.02071
960	0.01027	0.011808	0.010816	0.010564	0.010256	0.010262	0.020667
961	0.010271	0.011808	0.010816	0.010563	0.010253	0.010263	0.020623
962	0.010272	0.011806	0.010817	0.010561	0.010254	0.010262	0.020579
963	0.010272	0.011806	0.010817	0.010561	0.010254	0.010264	0.020533
964	0.010272	0.011806	0.010818	0.010563	0.010256	0.010265	0.020491
965	0.010272	0.011807	0.010819	0.010562	0.010254	0.010266	0.020457
966	0.01027	0.011808	0.010819	0.010564	0.010255	0.010266	0.020416
967	0.01027	0.011806	0.010818	0.010565	0.010254	0.010268	0.020374
968	0.010271	0.011806	0.010819	0.010565	0.010253	0.010267	0.020341
969	0.010271	0.011805	0.010818	0.010565	0.010254	0.010266	0.020297
970	0.01027	0.011803	0.010817	0.010567	0.010253	0.010266	0.020253
971	0.010271	0.011803	0.010817	0.010566	0.010253	0.010265	0.020211
972	0.010269	0.011803	0.010817	0.010566	0.010254	0.010265	0.020172
973	0.010269	0.011803	0.010817	0.010566	0.010253	0.010265	0.020136
974	0.010266	0.011803	0.010817	0.010565	0.010255	0.010266	0.020103
975	0.010267	0.011803	0.010817	0.010565	0.010256	0.010266	0.020066
976	0.010266	0.011802	0.010815	0.010566	0.010256	0.010265	0.02003
977	0.010266	0.011802	0.010814	0.010566	0.010256	0.010265	0.019981
978	0.010268	0.011802	0.010814	0.010565	0.010255	0.010264	0.019941
979	0.010267	0.011801	0.010815	0.010564	0.010255	0.010265	0.019908
980	0.010266	0.011802	0.010816	0.010563	0.010253	0.010265	0.019864
981	0.010266	0.011801	0.010816	0.010564	0.010251	0.010266	0.019832
982	0.010266	0.011799	0.010815	0.010563	0.010254	0.010267	0.01979
983	0.010265	0.011799	0.010815	0.010564	0.010255	0.010267	0.019749
984	0.010266	0.011798	0.010816	0.010562	0.010256	0.010267	0.019707
985	0.010264	0.011797	0.010816	0.010562	0.010256	0.010268	0.019669
986	0.010264	0.011797	0.010817	0.010564	0.010258	0.010267	0.019632
987	0.010263	0.011798	0.010815	0.010564	0.010256	0.010267	0.019599
988	0.010262	0.011798	0.010815	0.010563	0.010257	0.010268	0.019561
989	0.010262	0.011798	0.010815	0.010565	0.010257	0.010269	0.019532
990	0.010262	0.011798	0.010815	0.010563	0.010256	0.010269	0.019492
991	0.010262	0.011798	0.010814	0.010563	0.010258	0.010268	0.019456
992	0.010263	0.011797	0.010813	0.010563	0.01026	0.010268	0.01943
993	0.010263	0.011796	0.010813	0.010563	0.010259	0.010268	0.01939
994	0.010264	0.011797	0.010813	0.010563	0.010261	0.010267	0.019355
995	0.010264	0.011797	0.010814	0.010564	0.01026	0.010267	0.019322
996	0.010265	0.011797	0.010814	0.010564	0.01026	0.010267	0.019285
997	0.010266	0.011797	0.010814	0.010565	0.010258	0.010267	0.019252
998	0.010264	0.011796	0.010813	0.010565	0.010258	0.010268	0.019211
999	0.010265	0.011794	0.010815	0.010564	0.010258	0.010267	0.019177
1000	0.010265	0.011795	0.010815	0.010563	0.010258	0.010267	0.019134
	0.010262						
	0.010261						
	0.010261						
	0.01026						
	0.01026						
	0.010262						
	0.010265						
	0.010265						
	0.010263						
	0.010263						
	0.010262						
	0.010262						
	0.010265						
	0.010264						
	0.010264						
	0.010264						
	0.010265						
	0.010265						
	0.010263						
	0.010265						
	0.010264						
	0.010264						
	0.010264						
	0.010264						
	0.010263						
	0.010263						
	0.010263						
	0.010262						
	0.010262						
	0.010261						
	0.01026						
	0.01026						
	0.01026						
	0.010261						
	0.010262						
	0.010261						
	0.01026						
	0.010261						
	0.010262						
	0.010261						
	0.01026						
	0.010261						
	0.010262						
	0.010262						
	0.010262						
	0.010263						
	0.010261						
	0.010262						
	0.010262						
	0.010263						
	0.010262						
	0.010262						
	0.010261						
	0.010262						
	0.010261						
	0.010261						
	0.01026						
	0.01026						
	0.010262						
	0.010263						
	0.010262						
	0.010262						
	0.010262						
	0.010261						
	0.010259						
	0.010259						
	0.010259						
	0.010259						
	0.010259						
	0.010259						
	0.010257						
	0.010258						
	0.010257						
	0.01026						
	0.01026						
	0.010262						
	0.010262						
	0.010262						
	0.010262						
	0.010262						
	0.010262						
	0.010262						
	0.010262						
	0.01026						
	0.01026						
	0.010261						
	0.010263						
	0.010261						
	0.010261						
	0.010264						
	0.010263						
	0.010263						
	0.010263						
	0.010263						
	0.010262						
	0.010262						
	0.010261						
	0.01026						
	0.01026						
	0.010261						
	0.010261						
	0.010264						
	0.010263						
	0.010262						
	0.010262						
	0.01026						
	0.01026						
	0.01026						
	0.010261						
	0.010262						
	0.010261						
	0.01026						
	0.01026						
	0.01026						
	0.010261						
	0.01026						
	0.01026						
	0.01026						
	0.01026						
	0.010259						
	0.01026						
	0.01026						
	0.010259						
	0.010258						
	0.010258						
	0.010258						
	0.010258						
	0.010259						
	0.010259						
	0.010259						
	0.01026						
	0.010259						
	0.010258						
	0.010258						
	0.010259						
	0.010259						
	0.01026						
	0.010261						
	0.01026						
	0.010261						
	0.010261						
	0.010261						
	0.010259						
	0.010262						
	0.010262						
	0.010262						
	0.01026						
	0.010261						
	0.01026						
	0.010262						
	0.010261						
	0.010262						
	0.010261						
	0.01026						
	0.010261						
	0.010259						
	0.010259						
	0.010257						
	0.010258						
	0.010258						
	0.010259						
	0.010258						
	0.010257						
	0.010258						
	0.010257						
	0.010255						
	0.010256						
	0.010257						
	0.010256						
	0.010255						
	0.010255						
	0.010255						
	0.010254						
	0.010254						
	0.010256						
	0.010257						
	0.010257						
	0.010258						
	0.010258						
	0.010258						
	0.010258						
	0.010259						
	0.010258						
	0.010258						
	0.010257						
	0.010257						
	0.010255						
	0.010255						
	0.010256						
	0.010256						
	0.010255						
	0.010256						
	0.010255						
	0.010255						
	0.010255						
	0.010255						
	0.010254						
	0.010253						
	0.010252						
	0.010251						
	0.010252						
	0.010253						
	0.010252						
	0.010252						
	0.010251						
	0.010253						
	0.010252						
	0.010251						
	0.01025						
	0.010251						
	0.010248						
	0.010247						
	0.010247						
	0.010247						
	0.010248						
	0.010247						
	0.010247						
	0.010245						
	0.010247						
	0.010248						
	0.01025						
	0.01025						
	0.010251						
	0.01025						
	0.01025						
	0.010251						
	0.010249						
	0.010249						
	0.01025						
	0.010249						
	0.01025						
	0.01025						
	0.010249						
	0.010248						
	0.010249						
	0.010249						
	0.010248						
	0.010249						
	0.010247						
	0.010249						
	0.010249						
	0.010248						
	0.010248						
	0.010247						
	0.010249						
	0.01025						
	0.01025						
	0.01025						
	0.010249						
	0.010248						
	0.010248						
	0.010248						
	0.010247						
	0.010247						
	0.010246						
	0.010245						
	0.010245						
	0.010245						
	0.010245						
	0.010245						
	0.010245						
	0.010243						
	0.010244						
	0.010245						
	0.010244						
	0.010244						
	0.010246						
	0.010245						
	0.010246						
	0.010245						
	0.010244						
	0.010245						
	0.010245						
	0.010244						
	0.010245						
	0.010244						
	0.010246						
	0.010246						
	0.010244						
	0.010243						
	0.010244						
	0.010244						
	0.010245						
	0.010246						
	0.010246						
	0.010247						
	0.010246						
	0.010245						
	0.010246						
	0.010245						
	0.010246						
	0.010246						
	0.010247						
	0.010247						
	0.010247						
	0.010245						
	0.010245						
	0.010245						
	0.010245						
	0.010244						
	0.010243						
	0.010243						
	0.010243						
	0.010244						
	0.010243						
	0.010244						
	0.010244						
	0.010246						
	0.010248						
	0.010247						
	0.010245						
	0.010245						
	0.010245						
	0.010242						
	0.010242						
	0.010242						
	0.010242						
	0.010242						
	0.01024						
	0.010238						
	0.010238						
	0.01024						
	0.010241						
	0.01024						
	0.010239						
	0.01024						
	0.010242						
	0.010241						
	0.010241						
	0.010241						
	0.01024						
	0.01024						
	0.010241						
	0.010242						
	0.010243						
	0.010244						
	0.010244						
	0.010241						
	0.010242						
	0.010241						
	0.010241						
	0.01024						
	0.01024						
	0.010241						
	0.01024						
	0.010241						
	0.01024						
	0.010242						
	0.010243						
	0.010243						
	0.010244						
	0.010243						
	0.010245						
	0.010245						
	0.010245						
	0.010244						
	0.010244						
	0.010244						
	0.010244						
	0.010244						
	0.010244						
	0.010242						
	0.010243						
	0.010242						
	0.010241						
	0.010243						
	0.010242						
	0.010243						
	0.010243						
	0.010241						
	0.010241						
	0.010242						
	0.010241						
	0.010244						
	0.010244						
	0.010244						
	0.010243						
	0.010242						
	0.010245						
	0.010244						
	0.010243						
	0.010243						
	0.010241						
	0.010242						
	0.010243						
	0.010243						
	0.010242						
	0.010242						
	0.010243						
	0.010243						
	0.01024						
	0.010242						
	0.010244						
	0.010245						
	0.010243						
	0.010243						
	0.010245						
	0.010244						
	0.010245						
	0.010245						
	0.010246						
	0.010244						
	0.010243						
	0.010243						
	0.010243						
	0.010242						
	0.010242						
	0.010243						
	0.010242						
	0.010242						
	0.010241						
	0.010241						
	0.01024						
	0.010242						
	0.010242						
	0.010242						
	0.010241						
	0.010243						
	0.010243						
	0.010242						
	0.01024						
	0.010239						
	0.010237						
	0.010237						
	0.01024						
	0.010241						
	0.010244						
	0.010245						
	0.010245						
	0.010245						
	0.010245						
	0.010246						
	0.010246						
	0.010244						
	0.010244						
	0.010242						
	0.010241						
	0.010241						
	0.010241						
	0.010241						
	0.010242						
	0.010241						
	0.01024						
	0.01024						
	0.01024						
	0.010238						
	0.010237						
	0.010237						
	0.010238						
	0.01024						
	0.01024						
	0.010239						
	0.010238						
	0.010239						
	0.010239						
	0.010239						
	0.010238						
	0.010239						
	0.010238						
	0.010239						
	0.01024						
	0.010238						
	0.010237						
	0.010238						
	0.010237						
	0.010237						
	0.010238						
	0.010238						
	0.010238						
	0.010238						
	0.010236						
	0.010235						
	0.010237						
	0.010237						
	0.010236						
	0.010235						
	0.010236						
	0.010237						
	0.010238						
	0.010238						
	0.010239						
	0.010238						
	0.01024						
	0.010243						
	0.01024						
	0.010239						
	0.010238						
	0.010238						
	0.010241						
	0.010239						
	0.010238						
	0.010238						
	0.010236						
	0.010237						
	0.010237						
	0.010235						
	0.010235						
	0.010235						
	0.010236						
	0.010234						
	0.010233						
	0.010233						
	0.010232						
	0.010231						
	0.010233						
	0.010233						
	0.010234						
	0.010233						
	0.010234						
	0.010236						
	0.010235						
	0.010236						
	0.010235						
	0.010236						
	0.010236						
	0.010237						
	0.010237						
	0.010238						
	0.010237						
	0.010238						
	0.010239						
	0.010238						
	0.010237						
	0.010237						
	0.010237						
	0.010236						
	0.010238						
	0.010239						
	0.010238						
	0.010237						
	0.010235						
	0.010235						
	0.010235						
	0.010236						
	0.010234						
	0.010237						
	0.010237						
	0.010235						
	0.010233						
	0.010235						
	0.010237						
	0.010237						
	0.010237						
	0.010237						
	0.010239						
	0.010239						
	0.010242						
	0.010241						
	0.010239						
	0.01024						
	0.010239						
	0.010239						
	0.010238						
	0.010236						
	0.010236						
	0.010238						
	0.010237						
	0.010238						
	0.010237						
	0.010237						
	0.010237						
	0.010238						
	0.010237						
	0.010237						
	0.010238						
	0.010238						
	0.010238						
	0.010238						
	0.010237						
	0.010237						
	0.010237						
	0.010238						
	0.010238						
	0.010238						
	0.010237						
	0.010236						
	0.010237						
	0.010236						
	0.010236						
	0.010236						
	0.010237						
	0.010235						
	0.010235						
	0.010235						
	0.010235						
	0.010235						
	0.010235						
	0.010235						
	0.010235						
	0.010236						
	0.010237						
	0.010235						
	0.010235						
	0.010235						
	0.010234						
	0.010234						
	0.010233						
	0.010234						
	0.010237						
	0.010237						
	0.010235						
	0.010235						
	0.010235						
	0.010236						
	0.010236						
	0.010236						
	0.010237						
	0.010238						
	0.010238						
	0.010239						
	0.010238						
	0.010237						
	0.010236						
	0.010235						
	0.010235						
	0.010236						
	0.010236						
	0.010236						
	0.010235						
	0.010234						
	0.010233						
	0.010234						
	0.010234						
	0.010234						
	0.010235						
	0.010236						
	0.010237						
	0.010235						
	0.010236						
	0.010238						
	0.010238						
	0.010238						
	0.010237						
	0.010236						
	0.010237						
	0.010238						
	0.010237						
	0.010238						
	0.010238						
	0.010238						
	0.010237						
	0.010237						
	0.010237						
	0.010235						
	0.010234						
	0.010235						
	0.010235						
	0.010234						
	0.010233						
	0.010233						
	0.010235						
	0.010234						
	0.010235						
	0.010234						
	0.010235						
	0.010234						
	0.010234						
	0.010234						
	0.010233						
	0.010231						
	0.010231						
	0.010231						
	0.01023						
	0.010231						
	0.010232						
	0.010233						
	0.010234						
	0.010235						
	0.010236						
	0.010235						
	0.010236						
	0.010235						
	0.010235						
	0.010235						
	0.010234						
	0.010232						
	0.010233						
	0.010232						
	0.010232						
	0.010233						
	0.010232						
	0.010231						
	0.010233						
	0.010234						
	0.010232						
	0.010231						
	0.010231						
	0.01023						
	0.01023						
	0.01023						
	0.010233						
	0.010235						
	0.010234						
	0.010235						
	0.010233						
	0.010234						
	0.010233						
	0.010234						
	0.010234						
	0.010235						
	0.010235						
	0.010237						
	0.010235						
	0.010233						
	0.010231						
	0.01023						
	0.01023						
	0.010232						
	0.010233						
	0.010234						
	0.010233						
	0.010233						
	0.010233						
	0.010234						
	0.010233						
	0.010232						
	0.010232						
	0.010232						
	0.010231						
	0.010231						
	0.010231						
	0.010232						
	0.010233						
	0.010233						
	0.010235						
	0.010233						
	0.010235						
	0.010233						
	0.010232						
	0.010233						
	0.010233						
	0.010233						
	0.010233						
	0.010231						
	0.01023						
	0.010232						
	0.010232						
	0.010233						
	0.010233						
	0.010232						
	0.010232						
	0.010233						
	0.010235						
	0.010235						
	0.010234						
	0.010234						
	0.010233						
	0.010232						
	0.01023						
	0.010231						
	0.010232						
	0.010232						
	0.010232						
	0.010232						
	0.010234						
	0.010232						
	0.010232						
	0.010232						
	0.010232						
	0.010235						
	0.010232						
	0.010233						
	0.010232						
	0.010232						
	0.010232						
	0.010231						
	0.010231						
	0.01023						
	0.010231						
	0.010231						
	0.01023						
	0.01023						
	0.010229						
	0.010228						
	0.010227						
	0.010228						
	0.010228						
	0.010227						
	0.010228						
	0.010229						
	0.010228						
	0.010229						
	0.010231						
	0.010231						
	0.010231						
	0.01023						
	0.010229						
	0.010229						
	0.010228						
	0.010227						
	0.010228						
	0.010227						
	0.010227						
	0.010228						
	0.010228						
	0.010225						
	0.010225						
	0.010224						
	0.010226						
	0.010227						
	0.010228						
	0.010229						
	0.010229						
	0.010231						
	0.01023						
	0.010232						
	0.010231						
	0.010231						
	0.010229						
	0.010229						
	0.01023						
	0.01023						
	0.010228						
	0.010229						
	0.010229						
	0.010231						
	0.010231						
	0.010232						
	0.010233						
	0.010231						
	0.010233						
	0.010233						
	0.010232						
	0.01023						
	0.01023						
	0.010229						
	0.01023						
	0.010229						
	0.010229						
	0.010228						
	0.010228						
	0.010227						
	0.010226						
	0.010228						
	0.010229						
	0.010229						
	0.010231						
	0.01023						
	0.010231						
	0.010231						
	0.010232						
	0.010232						
	0.010232						
	0.01023						
	0.01023						
	0.01023						
	0.010229						
	0.01023						
	0.010229						
	0.010228						
	0.010228						
	0.010228						
	0.010229						
	0.010227						
	0.010226						
	0.010227						
	0.010226						
	0.010228						
	0.010228						
	0.010228						
	0.010229						
	0.010228						
	0.010227						
	0.010227						
	0.010227						
	0.010227						
	0.010226						
	0.010228						
	0.010227						
	0.010228						
	0.010228						
	0.010228						
	0.010229						
	0.01023						
	0.01023						
	0.01023						
	0.01023						
	0.01023						
	0.010227						
	0.010227						
	0.010224						
	0.010225						
	0.010225						
	0.010226						
	0.010227						
	0.010229						
	0.010228						
	0.010227						
	0.010227						
	0.010229						
	0.01023						
	0.010229						
	0.010229						
	0.010228						
	0.010229						
	0.010229						
	0.01023						
	0.010229						
	0.010229						
	0.010228						
	0.010229						
	0.01023						
	0.01023						
	0.010229						
	0.010228						
	0.010229						
	0.010229						
	0.010228						
	0.010229						
	0.010229						
	0.01023						
	0.01023						
	0.01023						
	0.01023						
	0.010229						
	0.010229						
	0.010229						
	0.010227						
	0.010226						
	0.010227						
	0.010227						
	0.010228						
	0.010227						
	0.010226						
	0.010226						
	0.010227						
	0.01023						
	0.01023						
	0.010231						
	0.010229						
	0.010228						
	0.010226						
	0.010225						
	0.010226						
	0.010227						
	0.010227						
	0.010226						
	0.010226						
	0.010225						
	0.010224						
	0.010224						
	0.010223						
	0.010223						
	0.010223						
	0.010224						
	0.010226						
	0.010227						
	0.010229						
	0.010228						
	0.010227						
	0.010226						
	0.010226						
	0.010227						
	0.010226						
	0.010225						
	0.010225						
	0.010225						
	0.010224						
	0.010226						
	0.010227						
	0.010228						
	0.010226						
	0.010227						
	0.010226						
	0.010226						
	0.010227						
	0.010229						
	0.010228						
	0.010228						
	0.010228						
	0.010227						
	0.010227						
	0.010228						
	0.010226						
	0.010227						
	0.010226						
	0.010226						
	0.010225						
	0.010227						
	0.010226						
	0.010227						
	0.010225						
	0.010224						
	0.010223						
	0.010224						
	0.010225						
	0.010226						
	0.010227						
	0.010228						
	0.010229						
	0.01023						
	0.010228						
	0.010227						
	0.010229						
	0.01023						
	0.01023						
	0.010231						
	0.010228						
	0.010228						
	0.010228						
