Time step	Uncertainty	Uncertainty	Uncertainty	Uncertainty
	¦Î=0.5	¦Î=1	¦Î=1.5	¦Î=2
1	0.99727	0.995029	0.993183	0.991793
2	0.988663	0.986859	0.98354	0.982363
3	0.977372	0.975169	0.97058	0.96981
4	0.963185	0.960939	0.956041	0.955719
5	0.947177	0.944035	0.939889	0.939402
6	0.930617	0.927345	0.923656	0.924285
7	0.913748	0.910233	0.907661	0.908736
8	0.897432	0.894089	0.893378	0.894219
9	0.882544	0.87895	0.879789	0.880944
10	0.868161	0.865099	0.866945	0.868616
11	0.854989	0.852266	0.855271	0.857649
12	0.842777	0.840678	0.844457	0.846956
13	0.832045	0.829887	0.834363	0.837512
14	0.822067	0.820061	0.825008	0.828935
15	0.812567	0.811104	0.816557	0.82049
16	0.803279	0.802766	0.808547	0.81225
17	0.794638	0.794795	0.801014	0.804799
18	0.786774	0.787315	0.793119	0.797582
19	0.778882	0.780007	0.785699	0.790379
20	0.771141	0.772983	0.77837	0.783558
21	0.763838	0.766295	0.771554	0.77674
22	0.756951	0.759359	0.764489	0.769829
23	0.749966	0.752694	0.757584	0.763058
24	0.742814	0.745792	0.751098	0.755633
25	0.735759	0.739445	0.744647	0.74862
26	0.729059	0.732992	0.737935	0.741614
27	0.722007	0.726479	0.731308	0.734607
28	0.714829	0.719945	0.724699	0.727793
29	0.707993	0.713299	0.71755	0.721305
30	0.701439	0.706232	0.710733	0.714324
31	0.694762	0.699723	0.703793	0.707525
32	0.688202	0.693318	0.697164	0.700691
33	0.681579	0.686369	0.690276	0.693921
34	0.674936	0.680017	0.683228	0.687565
35	0.668332	0.673653	0.676389	0.681026
36	0.661593	0.667208	0.669967	0.674542
37	0.654917	0.660749	0.663726	0.667755
38	0.648317	0.654691	0.65785	0.66119
39	0.641565	0.648386	0.651705	0.654375
40	0.634982	0.641833	0.645113	0.648033
41	0.62838	0.635393	0.63875	0.642134
42	0.621749	0.628859	0.632249	0.635996
43	0.614969	0.62233	0.625887	0.629457
44	0.608257	0.615662	0.619571	0.623306
45	0.601334	0.609137	0.612875	0.616611
46	0.594864	0.602862	0.606147	0.610077
47	0.588034	0.595995	0.599538	0.603552
48	0.581727	0.589522	0.593052	0.597132
49	0.575041	0.583086	0.586482	0.590555
50	0.568546	0.576639	0.579941	0.583971
51	0.56179	0.569918	0.573603	0.577327
52	0.555267	0.56359	0.567153	0.571023
53	0.54846	0.557379	0.560893	0.564357
54	0.541688	0.551014	0.554716	0.557471
55	0.535048	0.544347	0.548557	0.550785
56	0.528116	0.537691	0.54252	0.543925
57	0.521399	0.530997	0.535782	0.537022
58	0.514626	0.524117	0.529168	0.530368
59	0.507861	0.517129	0.522531	0.523491
60	0.500911	0.510237	0.515895	0.516716
61	0.494152	0.503279	0.509339	0.509466
62	0.4871	0.49638	0.50262	0.502517
63	0.480351	0.489887	0.496532	0.495367
64	0.473745	0.483118	0.490328	0.488329
65	0.466735	0.476403	0.48443	0.48173
66	0.45991	0.469823	0.478015	0.474882
67	0.453222	0.463133	0.471665	0.468108
68	0.446851	0.456616	0.46488	0.461412
69	0.440104	0.449987	0.458236	0.45489
70	0.433496	0.443264	0.451672	0.448348
71	0.426997	0.436606	0.445014	0.441403
72	0.420628	0.430026	0.43827	0.434717
73	0.414499	0.423475	0.431604	0.428268
74	0.408419	0.417052	0.424748	0.421997
75	0.40206	0.410613	0.418392	0.4154
76	0.39563	0.403955	0.412218	0.408843
77	0.388927	0.397236	0.406055	0.40224
78	0.382314	0.390813	0.400271	0.395333
79	0.375505	0.384437	0.394281	0.389095
80	0.368923	0.378106	0.388241	0.38263
81	0.362295	0.371863	0.382275	0.375917
82	0.355762	0.3658	0.37613	0.369136
83	0.349044	0.359581	0.369787	0.362522
84	0.342916	0.353211	0.363493	0.355945
85	0.336193	0.347025	0.356966	0.349406
86	0.329675	0.340999	0.350753	0.343056
87	0.323109	0.335034	0.344618	0.336617
88	0.316463	0.328652	0.338487	0.330392
89	0.309637	0.322654	0.332326	0.323909
90	0.302986	0.316386	0.325753	0.317448
91	0.296248	0.309884	0.319618	0.310968
92	0.289519	0.303606	0.313566	0.304505
93	0.282867	0.29724	0.306909	0.298343
94	0.276137	0.290957	0.300383	0.291935
95	0.269703	0.284272	0.294069	0.285356
96	0.263095	0.277516	0.287667	0.279016
97	0.256654	0.271141	0.281246	0.272732
98	0.250064	0.264424	0.274817	0.266487
99	0.243457	0.257517	0.268267	0.260363
100	0.236895	0.250721	0.261633	0.253761
101	0.230507	0.244022	0.255111	0.247098
102	0.22395	0.237723	0.248681	0.24043
103	0.217195	0.231736	0.242262	0.233881
104	0.210515	0.22566	0.23582	0.227321
105	0.20403	0.219565	0.229543	0.220795
106	0.197522	0.213272	0.223009	0.21444
107	0.191152	0.207116	0.216708	0.208164
108	0.184715	0.200886	0.210225	0.20156
109	0.178195	0.194931	0.203633	0.194925
110	0.171732	0.18913	0.197222	0.188418
111	0.165261	0.183008	0.190948	0.182342
112	0.159173	0.177087	0.184895	0.17614
113	0.153166	0.170915	0.178921	0.170064
114	0.14717	0.16482	0.172952	0.164178
115	0.141245	0.158664	0.1671	0.158558
116	0.135351	0.152732	0.161618	0.152976
117	0.12968	0.146637	0.156245	0.14746
118	0.124077	0.1408	0.150717	0.141861
119	0.118311	0.135053	0.145396	0.135931
120	0.112885	0.12927	0.140407	0.130382
121	0.107679	0.123897	0.135264	0.124761
122	0.102351	0.11853	0.130097	0.119371
123	0.097364	0.113393	0.12526	0.114372
124	0.09207	0.108406	0.120563	0.109162
125	0.087467	0.103486	0.115607	0.103953
126	0.083012	0.098643	0.110918	0.098853
127	0.078649	0.093841	0.106105	0.093934
128	0.074582	0.089134	0.101275	0.089156
129	0.070776	0.084548	0.096279	0.084767
130	0.06715	0.080387	0.091647	0.080293
131	0.063751	0.076249	0.086905	0.076061
132	0.060308	0.072359	0.082497	0.072084
133	0.057221	0.068415	0.078305	0.068336
134	0.054255	0.064679	0.074366	0.064775
135	0.051324	0.060988	0.070219	0.061478
136	0.048526	0.057566	0.066453	0.058499
137	0.045932	0.054369	0.062854	0.055605
138	0.043488	0.051275	0.059453	0.052821
139	0.04108	0.048483	0.056442	0.050151
140	0.038817	0.045847	0.053522	0.047622
141	0.036784	0.043242	0.050807	0.045335
142	0.034743	0.040839	0.04817	0.043122
143	0.032981	0.038582	0.045804	0.041056
144	0.031257	0.036529	0.043539	0.039125
145	0.029708	0.034677	0.041246	0.037275
146	0.028266	0.032924	0.039219	0.035648
147	0.026897	0.031351	0.037397	0.034007
148	0.025646	0.02978	0.035693	0.032582
149	0.02457	0.028287	0.034028	0.031124
150	0.023529	0.026927	0.032487	0.029782
151	0.02258	0.025762	0.031029	0.028512
152	0.021679	0.024637	0.029658	0.02737
153	0.020876	0.023644	0.02832	0.026271
154	0.020157	0.022703	0.027065	0.025294
155	0.019504	0.021771	0.025918	0.024449
156	0.018871	0.020993	0.024852	0.023553
157	0.018279	0.020161	0.023853	0.022762
158	0.017742	0.019429	0.022869	0.022014
159	0.017285	0.018733	0.021938	0.021286
160	0.01682	0.018134	0.021168	0.020641
161	0.016398	0.017587	0.020361	0.020031
162	0.01603	0.017089	0.019667	0.019488
163	0.015665	0.01662	0.019027	0.018981
164	0.015344	0.016191	0.0184	0.018487
165	0.015015	0.015784	0.017807	0.018058
166	0.014746	0.015445	0.017235	0.017587
167	0.014476	0.015099	0.016718	0.017195
168	0.014216	0.014789	0.016287	0.016822
169	0.013974	0.014486	0.015905	0.016473
170	0.013748	0.014247	0.015552	0.01615
171	0.013536	0.014008	0.015219	0.015837
172	0.013361	0.013778	0.014917	0.015533
173	0.013184	0.013594	0.014633	0.01526
174	0.013017	0.013399	0.014373	0.014991
175	0.01285	0.013212	0.014107	0.014712
176	0.012702	0.013025	0.013878	0.014461
177	0.012556	0.012848	0.013661	0.014244
178	0.012422	0.012681	0.013463	0.014039
179	0.012304	0.012531	0.013281	0.013861
180	0.012197	0.012402	0.013099	0.013707
181	0.012088	0.012266	0.012932	0.013549
182	0.011991	0.012144	0.012776	0.013407
183	0.011893	0.012024	0.012625	0.013268
184	0.011801	0.011921	0.012484	0.013157
185	0.011717	0.011819	0.012353	0.013014
186	0.011635	0.011724	0.012248	0.012883
187	0.011562	0.011641	0.012148	0.012766
188	0.011495	0.011545	0.012057	0.012653
189	0.011439	0.011463	0.011958	0.012549
190	0.011375	0.011391	0.011863	0.012454
191	0.011314	0.011323	0.01177	0.012364
192	0.011267	0.011264	0.011693	0.012289
193	0.011216	0.011205	0.011618	0.012204
194	0.011166	0.011154	0.01155	0.012124
195	0.01112	0.011101	0.011488	0.012059
196	0.011078	0.011057	0.011427	0.011979
197	0.011038	0.011014	0.011369	0.011916
198	0.010999	0.010972	0.011318	0.011844
199	0.010965	0.010936	0.011276	0.011778
200	0.010929	0.010905	0.011227	0.011709
201	0.010895	0.010875	0.011187	0.011652
202	0.01086	0.010844	0.011144	0.01159
203	0.010829	0.010816	0.011102	0.011535
204	0.010802	0.010791	0.011068	0.011487
205	0.010774	0.010769	0.011034	0.011444
206	0.010751	0.010743	0.011001	0.011407
207	0.010731	0.010723	0.010975	0.011362
208	0.010708	0.010703	0.010951	0.011324
209	0.010687	0.010685	0.010927	0.011278
210	0.010667	0.010671	0.010902	0.011242
211	0.010652	0.010655	0.010875	0.011206
212	0.010636	0.010638	0.010851	0.011174
213	0.010622	0.010625	0.010829	0.011146
214	0.010607	0.01061	0.010807	0.011118
215	0.010593	0.010596	0.010786	0.011093
216	0.01058	0.010583	0.010767	0.011068
217	0.010566	0.010569	0.010748	0.011046
218	0.010554	0.010558	0.010732	0.011025
219	0.010541	0.010548	0.010716	0.011004
220	0.010528	0.010538	0.010703	0.010979
221	0.010516	0.010529	0.010689	0.010966
222	0.01051	0.010518	0.010674	0.010949
223	0.010502	0.010509	0.010657	0.010931
224	0.010493	0.010501	0.010641	0.010913
225	0.010484	0.010492	0.010631	0.010899
226	0.010476	0.010482	0.010619	0.010886
227	0.010468	0.010476	0.010608	0.010873
228	0.010459	0.010467	0.010596	0.010858
229	0.010451	0.010462	0.010586	0.010848
230	0.010446	0.010456	0.010575	0.010838
231	0.010437	0.01045	0.010565	0.010828
232	0.010431	0.010444	0.010555	0.010816
233	0.010425	0.010439	0.010547	0.010807
234	0.01042	0.010433	0.010537	0.010799
235	0.010414	0.010428	0.010527	0.010789
236	0.01041	0.010423	0.01052	0.010778
237	0.010406	0.010421	0.010513	0.010771
238	0.010399	0.010415	0.010505	0.010765
239	0.010393	0.010411	0.010497	0.010755
240	0.010389	0.010405	0.010491	0.010747
241	0.010386	0.010402	0.010485	0.010737
242	0.010381	0.010399	0.01048	0.010732
243	0.010376	0.010395	0.010476	0.010727
244	0.010372	0.01039	0.010472	0.010717
245	0.01037	0.010387	0.010468	0.010708
246	0.010367	0.010384	0.010465	0.0107
247	0.010363	0.010382	0.010463	0.010694
248	0.01036	0.01038	0.01046	0.010684
249	0.010355	0.010376	0.010456	0.010676
250	0.010352	0.010373	0.010454	0.010667
251	0.010349	0.010371	0.010449	0.010657
252	0.010346	0.010367	0.010444	0.01065
253	0.010345	0.010364	0.010443	0.010638
254	0.010341	0.010361	0.010439	0.010627
255	0.010337	0.01036	0.010436	0.010617
256	0.010334	0.010356	0.010432	0.010607
257	0.010332	0.010353	0.010432	0.010599
258	0.010331	0.010353	0.010428	0.010592
259	0.010327	0.010352	0.010424	0.010582
260	0.010328	0.010348	0.010421	0.010574
261	0.010327	0.010347	0.010415	0.010566
262	0.010324	0.010345	0.010414	0.01056
263	0.010321	0.010343	0.010411	0.010552
264	0.01032	0.010342	0.010409	0.010545
265	0.010319	0.01034	0.010407	0.010539
266	0.010317	0.010339	0.010404	0.010534
267	0.010316	0.010336	0.010401	0.010529
268	0.010314	0.010334	0.010397	0.010523
269	0.010312	0.010332	0.010393	0.010521
270	0.01031	0.010328	0.010389	0.010515
271	0.010307	0.010325	0.010387	0.010508
272	0.010305	0.010324	0.010384	0.010503
273	0.010303	0.010323	0.010381	0.010498
274	0.010301	0.010321	0.010378	0.010493
275	0.010301	0.010318	0.010375	0.010488
276	0.010301	0.010319	0.010373	0.010484
277	0.010298	0.010316	0.010369	0.010479
278	0.010297	0.010315	0.010366	0.010476
279	0.010296	0.010314	0.010364	0.010471
280	0.010293	0.010313	0.010361	0.010466
281	0.010291	0.010312	0.010361	0.010464
282	0.010288	0.01031	0.010358	0.010461
283	0.010289	0.010309	0.010354	0.010459
284	0.010289	0.010307	0.010353	0.010457
285	0.01029	0.010306	0.010347	0.010456
286	0.01029	0.010305	0.010345	0.010451
287	0.01029	0.010305	0.010343	0.010446
288	0.01029	0.010304	0.01034	0.010444
289	0.010288	0.010303	0.010338	0.010439
290	0.01029	0.010303	0.010335	0.010437
291	0.010289	0.010303	0.01033	0.010435
292	0.010289	0.010303	0.010331	0.010432
293	0.010289	0.010302	0.010331	0.01043
294	0.010288	0.010301	0.010329	0.010426
295	0.010285	0.010299	0.010327	0.010424
296	0.010285	0.010296	0.010324	0.010422
297	0.010283	0.010294	0.010324	0.010419
298	0.010284	0.010292	0.010323	0.010417
299	0.010282	0.010292	0.010321	0.010415
300	0.010284	0.010292	0.01032	0.010413
301	0.010284	0.010291	0.010317	0.01041
302	0.010282	0.010291	0.010315	0.010407
303	0.01028	0.010291	0.010313	0.010406
304	0.010278	0.010289	0.010312	0.010404
305	0.010276	0.010288	0.010311	0.010403
306	0.010276	0.010288	0.010311	0.0104
307	0.010276	0.010287	0.01031	0.010397
308	0.010276	0.010286	0.010309	0.010394
309	0.010277	0.010286	0.010308	0.010392
310	0.010275	0.010282	0.010307	0.01039
311	0.010275	0.010283	0.010306	0.010389
312	0.010275	0.010283	0.010305	0.010389
313	0.010276	0.01028	0.010304	0.010388
314	0.010278	0.010279	0.010305	0.010387
315	0.010276	0.01028	0.010305	0.010386
316	0.010274	0.010278	0.010305	0.010385
317	0.010273	0.010277	0.010304	0.010384
318	0.010271	0.010277	0.010305	0.010384
319	0.010267	0.010275	0.010305	0.010382
320	0.010268	0.010272	0.010303	0.01038
321	0.01027	0.010272	0.010302	0.010379
322	0.01027	0.010272	0.010301	0.010379
323	0.010268	0.010271	0.0103	0.010378
324	0.010267	0.01027	0.010301	0.010377
325	0.010266	0.01027	0.010302	0.010377
326	0.010266	0.010269	0.010303	0.010376
327	0.010267	0.010269	0.010302	0.010375
328	0.010267	0.010268	0.0103	0.010375
329	0.010266	0.010267	0.0103	0.010375
330	0.010264	0.010267	0.010299	0.010374
331	0.010264	0.010265	0.010299	0.010373
332	0.010265	0.010263	0.010298	0.010373
333	0.010265	0.010262	0.010297	0.010372
334	0.010265	0.010262	0.010297	0.010372
335	0.010264	0.01026	0.010298	0.010371
336	0.010265	0.01026	0.010295	0.010369
337	0.010265	0.010261	0.010295	0.010367
338	0.010264	0.010259	0.010295	0.010367
339	0.010262	0.01026	0.010295	0.010365
340	0.010263	0.01026	0.010296	0.010365
341	0.010262	0.01026	0.010294	0.010366
342	0.010262	0.010259	0.010291	0.010366
343	0.010262	0.010261	0.010291	0.010365
344	0.010261	0.01026	0.010293	0.010366
345	0.010259	0.01026	0.010293	0.010364
346	0.010259	0.01026	0.010292	0.010363
347	0.01026	0.010258	0.010292	0.010363
348	0.010259	0.010257	0.010291	0.010361
349	0.010258	0.010257	0.01029	0.010361
350	0.010258	0.010256	0.01029	0.01036
351	0.01026	0.010256	0.010289	0.010357
352	0.01026	0.010256	0.010288	0.010358
353	0.010258	0.010257	0.010289	0.010358
354	0.010259	0.010256	0.01029	0.010359
355	0.010259	0.010256	0.01029	0.010358
356	0.010257	0.010254	0.010289	0.010357
357	0.010257	0.010253	0.010285	0.010356
358	0.010257	0.010252	0.010285	0.010358
359	0.010258	0.010252	0.010287	0.010357
360	0.010259	0.010251	0.010287	0.010358
361	0.010257	0.010251	0.010288	0.010357
362	0.010256	0.01025	0.010289	0.010358
363	0.010255	0.01025	0.01029	0.010357
364	0.010255	0.010249	0.010288	0.010357
365	0.010256	0.010251	0.010288	0.010358
366	0.010255	0.010251	0.010287	0.010355
367	0.010254	0.010249	0.010288	0.010353
368	0.010253	0.010247	0.010287	0.010353
369	0.010254	0.010248	0.010289	0.010353
370	0.010254	0.010247	0.010289	0.010352
371	0.010255	0.010247	0.010288	0.010352
372	0.010255	0.010246	0.010287	0.010353
373	0.010254	0.010245	0.010288	0.010352
374	0.010252	0.010243	0.010287	0.010352
375	0.010251	0.010242	0.010285	0.010351
376	0.010252	0.01024	0.010284	0.01035
377	0.010249	0.010239	0.010284	0.010349
378	0.010248	0.01024	0.010286	0.01035
379	0.010248	0.01024	0.010285	0.010349
380	0.010248	0.01024	0.010284	0.010349
381	0.010246	0.010241	0.010283	0.010348
382	0.010246	0.010241	0.010285	0.010347
383	0.010246	0.01024	0.010285	0.010347
384	0.010245	0.01024	0.010284	0.010347
385	0.010242	0.010242	0.010285	0.010345
386	0.010243	0.010243	0.010283	0.010344
387	0.010242	0.010242	0.010281	0.010343
388	0.010243	0.010243	0.01028	0.010343
389	0.010242	0.010243	0.01028	0.010342
390	0.010241	0.010243	0.01028	0.01034
391	0.010242	0.010243	0.01028	0.010339
392	0.010243	0.010243	0.010281	0.010339
393	0.010241	0.010242	0.010281	0.010338
394	0.01024	0.01024	0.01028	0.010338
395	0.010243	0.010239	0.010279	0.010336
396	0.010242	0.010239	0.01028	0.010335
397	0.010242	0.010238	0.010279	0.010335
398	0.010244	0.010238	0.01028	0.010336
399	0.010242	0.010236	0.010278	0.010336
400	0.010242	0.010236	0.01028	0.010335
401	0.010242	0.010237	0.010279	0.010334
402	0.010242	0.010237	0.010278	0.010334
403	0.010241	0.010236	0.010276	0.010332
404	0.010241	0.010236	0.010276	0.010333
405	0.01024	0.010236	0.010275	0.010332
406	0.010239	0.010237	0.010276	0.010334
407	0.010239	0.010235	0.010276	0.010334
408	0.01024	0.010233	0.010276	0.010336
409	0.010241	0.010231	0.010276	0.010337
410	0.01024	0.010231	0.010273	0.010336
411	0.01024	0.010231	0.010273	0.010335
412	0.010242	0.01023	0.010274	0.010334
413	0.010243	0.01023	0.010274	0.010333
414	0.010242	0.01023	0.010273	0.010335
415	0.010241	0.010229	0.010272	0.010335
416	0.01024	0.010229	0.010271	0.010334
417	0.010239	0.010229	0.010271	0.010333
418	0.010238	0.01023	0.010273	0.010334
419	0.010239	0.01023	0.010272	0.010333
420	0.010236	0.010228	0.01027	0.010333
421	0.010233	0.010228	0.010269	0.010335
422	0.010234	0.010227	0.010268	0.010334
423	0.010236	0.010228	0.010267	0.010333
424	0.010237	0.010226	0.010267	0.010332
425	0.010237	0.010227	0.010268	0.010329
426	0.010237	0.010225	0.010268	0.01033
427	0.010236	0.010224	0.010267	0.010331
428	0.010235	0.010224	0.010266	0.010331
429	0.010236	0.010224	0.010264	0.010329
430	0.010239	0.010226	0.010263	0.010328
431	0.010237	0.010225	0.010264	0.010328
432	0.010237	0.010225	0.010263	0.010328
433	0.010235	0.010225	0.010263	0.010328
434	0.010236	0.010226	0.010265	0.010327
435	0.010236	0.010227	0.010264	0.010326
436	0.010234	0.010226	0.010266	0.010327
437	0.010235	0.010228	0.010264	0.010327
438	0.010234	0.010227	0.010263	0.010326
439	0.010236	0.010225	0.010262	0.010326
440	0.010235	0.010224	0.010261	0.010326
441	0.010234	0.010225	0.010261	0.010328
442	0.010233	0.010222	0.010262	0.010328
443	0.010232	0.010222	0.010262	0.010327
444	0.010231	0.010222	0.010262	0.010325
445	0.01023	0.010221	0.010263	0.010324
446	0.010232	0.01022	0.010263	0.010324
447	0.01023	0.01022	0.010262	0.010324
448	0.01023	0.01022	0.010262	0.010323
449	0.010231	0.01022	0.010261	0.010322
450	0.01023	0.01022	0.010261	0.010321
451	0.010229	0.010219	0.010261	0.010321
452	0.01023	0.01022	0.01026	0.010321
453	0.010229	0.01022	0.010259	0.01032
454	0.010229	0.010221	0.010258	0.010321
455	0.010229	0.01022	0.010257	0.010319
456	0.010227	0.010221	0.010258	0.010319
457	0.010229	0.010222	0.010259	0.010318
458	0.01023	0.010221	0.010259	0.01032
459	0.010228	0.010221	0.010258	0.010319
460	0.010229	0.010219	0.010259	0.010319
461	0.010228	0.01022	0.010258	0.010318
462	0.010229	0.01022	0.010259	0.010315
463	0.010227	0.01022	0.010262	0.010316
464	0.010226	0.010221	0.010261	0.010314
465	0.010227	0.01022	0.01026	0.010316
466	0.010227	0.01022	0.010258	0.010314
467	0.010228	0.010219	0.010258	0.010314
468	0.010229	0.01022	0.010257	0.010315
469	0.010227	0.010221	0.01026	0.010315
470	0.010227	0.010222	0.01026	0.010315
471	0.010227	0.010221	0.010259	0.010316
472	0.010226	0.010222	0.010259	0.010315
473	0.010225	0.010221	0.010259	0.010316
474	0.010225	0.010222	0.010259	0.010315
475	0.010224	0.010222	0.010262	0.010314
476	0.010225	0.010224	0.010262	0.010313
477	0.010224	0.010227	0.010259	0.010314
478	0.010226	0.010225	0.010257	0.010312
479	0.010223	0.010225	0.010256	0.010313
480	0.010224	0.010223	0.010257	0.010312
481	0.010223	0.010223	0.010257	0.010312
482	0.010222	0.010223	0.010257	0.010311
483	0.010221	0.010223	0.010257	0.010311
484	0.010223	0.010223	0.010257	0.010311
485	0.010223	0.010222	0.010257	0.010312
486	0.010223	0.010223	0.010257	0.010311
487	0.010222	0.010225	0.010256	0.010311
488	0.010222	0.010226	0.010255	0.010311
489	0.01022	0.010226	0.010256	0.01031
490	0.01022	0.010225	0.010256	0.010311
491	0.01022	0.010225	0.010257	0.01031
492	0.010221	0.010223	0.010256	0.010311
493	0.010221	0.010224	0.010256	0.010312
494	0.010219	0.010223	0.010256	0.010312
495	0.010219	0.010223	0.010256	0.01031
496	0.010217	0.010222	0.010256	0.010309
497	0.010217	0.010222	0.010256	0.01031
498	0.010218	0.010221	0.010256	0.010309
499	0.010218	0.010221	0.010256	0.010309
500	0.010219	0.010221	0.010257	0.01031
501	0.010218	0.010221	0.010257	0.010311
502	0.010218	0.010221	0.010256	0.01031
503	0.01022	0.010219	0.010256	0.010308
504	0.010219	0.010219	0.010256	0.010308
505	0.01022	0.010218	0.010256	0.010309
506	0.01022	0.010217	0.010255	0.010309
507	0.010221	0.010219	0.010253	0.010308
508	0.010222	0.010219	0.010253	0.010308
509	0.010222	0.010218	0.010255	0.010307
510	0.010221	0.010218	0.010253	0.010305
511	0.010221	0.010218	0.010254	0.010306
512	0.010221	0.010217	0.010256	0.010305
513	0.01022	0.010215	0.010256	0.010305
514	0.010221	0.010215	0.010256	0.010304
515	0.010219	0.010216	0.010255	0.010304
516	0.010218	0.010217	0.010254	0.010304
517	0.010217	0.010216	0.010255	0.010304
518	0.010216	0.010213	0.010256	0.010305
519	0.010217	0.010212	0.010254	0.010304
520	0.010217	0.01021	0.010254	0.010305
521	0.010217	0.010212	0.010254	0.010303
522	0.010215	0.010213	0.010253	0.010302
523	0.010214	0.010215	0.010255	0.010302
524	0.010212	0.010214	0.010255	0.0103
525	0.010212	0.010215	0.010256	0.0103
526	0.010211	0.010216	0.010256	0.0103
527	0.010213	0.010217	0.010256	0.0103
528	0.010212	0.010216	0.010256	0.010301
529	0.010212	0.010213	0.010256	0.010301
530	0.010212	0.010214	0.010258	0.010301
531	0.010214	0.010213	0.010258	0.010303
532	0.010215	0.010213	0.010259	0.010302
533	0.010215	0.010214	0.010259	0.010301
534	0.010216	0.010214	0.010256	0.010302
535	0.010215	0.010214	0.010256	0.010301
536	0.010215	0.010213	0.010256	0.010301
537	0.010215	0.010215	0.010256	0.010302
538	0.010216	0.010215	0.010255	0.010304
539	0.010217	0.010216	0.010254	0.010302
540	0.010216	0.010216	0.010254	0.010303
541	0.010215	0.010215	0.010255	0.010302
542	0.010215	0.010212	0.010254	0.010302
543	0.010215	0.010211	0.010253	0.0103
544	0.010217	0.010209	0.010254	0.010299
545	0.010218	0.010208	0.010253	0.010299
546	0.010218	0.010209	0.010254	0.010298
547	0.010218	0.010208	0.010252	0.010297
548	0.010218	0.010208	0.010253	0.010295
549	0.010215	0.010209	0.010253	0.010297
550	0.010216	0.010209	0.010254	0.010296
551	0.010215	0.010208	0.010252	0.010295
552	0.010215	0.010207	0.010253	0.010294
553	0.010215	0.010205	0.010253	0.010295
554	0.010213	0.010206	0.010252	0.010294
555	0.010213	0.010205	0.010252	0.010295
556	0.010212	0.010205	0.01025	0.010295
557	0.010212	0.010206	0.01025	0.010295
558	0.010212	0.010207	0.010249	0.010295
559	0.01021	0.010205	0.010249	0.010296
560	0.01021	0.010207	0.010249	0.010296
561	0.01021	0.010207	0.010251	0.010297
562	0.010209	0.010205	0.010252	0.010297
563	0.010209	0.010206	0.010251	0.010296
564	0.01021	0.010205	0.010251	0.010295
565	0.010207	0.010204	0.010253	0.010295
566	0.010207	0.010205	0.010253	0.010294
567	0.010207	0.010204	0.010256	0.010295
568	0.010208	0.010204	0.010255	0.010294
569	0.010209	0.010204	0.010254	0.010293
570	0.010209	0.010204	0.010255	0.010292
571	0.010211	0.010205	0.010254	0.010294
572	0.010212	0.010209	0.010254	0.010295
573	0.010212	0.010208	0.010256	0.010294
574	0.010212	0.010207	0.010254	0.010293
575	0.01021	0.010208	0.010254	0.010294
576	0.010211	0.010205	0.010253	0.010293
577	0.010212	0.010207	0.010253	0.010291
578	0.010213	0.010206	0.010252	0.010291
579	0.010214	0.010209	0.010252	0.01029
580	0.010212	0.010208	0.010252	0.01029
581	0.010213	0.010208	0.010252	0.010291
582	0.010213	0.010208	0.010252	0.01029
583	0.010215	0.01021	0.010253	0.01029
584	0.010214	0.010209	0.010254	0.01029
585	0.010214	0.010211	0.010254	0.010291
586	0.010214	0.01021	0.010253	0.010289
587	0.010213	0.010209	0.010253	0.01029
588	0.010213	0.010209	0.010252	0.010289
589	0.01021	0.010209	0.01025	0.010288
590	0.010209	0.010208	0.010251	0.010288
591	0.010208	0.010208	0.01025	0.01029
592	0.010207	0.010209	0.01025	0.01029
593	0.010208	0.010208	0.010249	0.01029
594	0.010208	0.010209	0.01025	0.010291
595	0.010206	0.01021	0.01025	0.010289
596	0.010207	0.010211	0.01025	0.01029
597	0.010206	0.010212	0.01025	0.01029
598	0.010207	0.010213	0.010251	0.010289
599	0.010208	0.010212	0.01025	0.010291
600	0.010207	0.010211	0.010249	0.010289
601	0.010209	0.010211	0.010249	0.01029
602	0.010209	0.010209	0.010248	0.010288
603	0.010209	0.010211	0.010249	0.010288
604	0.01021	0.010212	0.010248	0.010286
605	0.010212	0.010212	0.010248	0.010287
606	0.010211	0.010214	0.010246	0.010288
607	0.01021	0.010213	0.010244	0.010287
608	0.010208	0.010214	0.010245	0.010287
609	0.010207	0.010213	0.010246	0.010285
610	0.010208	0.010213	0.010247	0.010285
611	0.010208	0.010214	0.010247	0.010288
612	0.010206	0.010213	0.010248	0.010287
613	0.010206	0.010211	0.010248	0.010286
614	0.010204	0.01021	0.010248	0.010287
615	0.010205	0.010209	0.010248	0.010286
616	0.010205	0.01021	0.010248	0.010286
617	0.010206	0.010211	0.010249	0.010285
618	0.010206	0.01021	0.010248	0.010284
619	0.010206	0.010207	0.010247	0.010285
620	0.010206	0.010207	0.010246	0.010285
621	0.010207	0.010208	0.010245	0.010284
622	0.010208	0.010209	0.010244	0.010287
623	0.010209	0.010209	0.010244	0.010288
624	0.010208	0.010208	0.010243	0.010288
625	0.010208	0.010207	0.010244	0.010287
626	0.010207	0.010207	0.010244	0.010288
627	0.010206	0.010208	0.010245	0.010288
628	0.010205	0.010208	0.010245	0.010288
629	0.010205	0.010206	0.010244	0.010287
630	0.010205	0.010206	0.010245	0.010288
631	0.010203	0.010206	0.010244	0.010289
632	0.010202	0.010207	0.010245	0.01029
633	0.010202	0.010206	0.010244	0.010289
634	0.010201	0.010207	0.010243	0.01029
635	0.010203	0.010205	0.010244	0.01029
636	0.010203	0.010204	0.010244	0.01029
637	0.010204	0.010205	0.010244	0.010289
638	0.010205	0.010206	0.010244	0.01029
639	0.010205	0.010206	0.010243	0.010288
640	0.010204	0.010206	0.010243	0.01029
641	0.010204	0.010206	0.010244	0.01029
642	0.010205	0.010207	0.010242	0.010289
643	0.010205	0.010208	0.010243	0.010287
644	0.010205	0.010209	0.010243	0.010287
645	0.010205	0.010208	0.010243	0.010288
646	0.010206	0.010209	0.010243	0.010288
647	0.010207	0.01021	0.010243	0.010289
648	0.010207	0.01021	0.010243	0.010288
649	0.010208	0.010208	0.010241	0.010288
650	0.010208	0.010208	0.010241	0.010287
651	0.010205	0.010209	0.010242	0.010287
652	0.010206	0.010209	0.010243	0.010287
653	0.010206	0.01021	0.010242	0.010287
654	0.010205	0.010211	0.010242	0.010285
655	0.010203	0.01021	0.010242	0.010284
656	0.010202	0.01021	0.010241	0.010286
657	0.010201	0.010209	0.010241	0.010286
658	0.010203	0.010208	0.010243	0.010285
659	0.010202	0.010205	0.010244	0.010286
660	0.010202	0.010206	0.010245	0.010286
661	0.010203	0.010205	0.010245	0.010285
662	0.010201	0.010207	0.010244	0.010286
663	0.0102	0.010206	0.010247	0.010286
664	0.0102	0.010207	0.010244	0.010284
665	0.010199	0.010208	0.010243	0.010284
666	0.010198	0.010205	0.010242	0.010284
667	0.010199	0.010205	0.010242	0.010283
668	0.010197	0.010204	0.010242	0.010281
669	0.0102	0.010206	0.01024	0.010283
670	0.010201	0.010205	0.010242	0.010283
671	0.010199	0.010204	0.010242	0.010283
672	0.010201	0.010204	0.010242	0.010283
673	0.0102	0.010203	0.010242	0.010285
674	0.0102	0.010204	0.01024	0.010286
675	0.010201	0.010205	0.01024	0.010286
676	0.0102	0.010203	0.01024	0.010284
677	0.010202	0.010203	0.010241	0.010283
678	0.0102	0.010202	0.010241	0.010283
679	0.010198	0.010204	0.01024	0.010284
680	0.010198	0.010205	0.010239	0.010281
681	0.010197	0.010204	0.010238	0.010281
682	0.010198	0.010205	0.010239	0.010281
683	0.010197	0.010204	0.010239	0.010281
684	0.010197	0.010206	0.010238	0.010281
685	0.010198	0.010205	0.010239	0.010282
686	0.010196	0.010204	0.010238	0.010281
687	0.010197	0.010203	0.010239	0.01028
688	0.010196	0.010204	0.010239	0.01028
689	0.010199	0.010205	0.010239	0.01028
690	0.010198	0.010206	0.010238	0.010281
691	0.010199	0.010205	0.010238	0.01028
692	0.010199	0.010205	0.010239	0.010282
693	0.010197	0.010205	0.010239	0.010283
694	0.010195	0.010204	0.010239	0.010283
695	0.010194	0.010204	0.010239	0.010282
696	0.010197	0.010204	0.010238	0.010282
697	0.010198	0.010204	0.010237	0.010282
698	0.010197	0.010205	0.010236	0.01028
699	0.010198	0.010203	0.010237	0.01028
700	0.0102	0.010203	0.010235	0.01028
701	0.010199	0.010203	0.010235	0.010281
702	0.010198	0.010204	0.010233	0.010282
703	0.010197	0.010204	0.010234	0.010282
704	0.010199	0.010205	0.010233	0.010282
705	0.010201	0.010205	0.010233	0.010283
706	0.0102	0.010204	0.010234	0.010284
707	0.0102	0.010203	0.010234	0.010285
708	0.0102	0.010203	0.010234	0.010284
709	0.010201	0.010203	0.010234	0.010284
710	0.010199	0.010204	0.010232	0.010283
711	0.010199	0.010202	0.010231	0.010282
712	0.010201	0.010201	0.010233	0.010282
713	0.010201	0.010201	0.01023	0.010282
714	0.010201	0.010201	0.01023	0.010283
715	0.010201	0.010202	0.010231	0.010283
716	0.010202	0.010203	0.010233	0.010284
717	0.010202	0.010203	0.010232	0.010285
718	0.010201	0.010203	0.010233	0.010284
719	0.010199	0.010202	0.010234	0.010284
720	0.0102	0.0102	0.010235	0.010283
721	0.010199	0.010202	0.010235	0.010284
722	0.010198	0.010202	0.010236	0.010283
723	0.0102	0.010202	0.010234	0.010282
724	0.010199	0.010202	0.010235	0.010284
725	0.010197	0.010203	0.010235	0.010284
726	0.010199	0.010203	0.010235	0.010283
727	0.010199	0.010203	0.010235	0.010283
728	0.010198	0.010205	0.010235	0.010283
729	0.010199	0.010206	0.010234	0.010283
730	0.010199	0.010205	0.010237	0.010282
731	0.010199	0.010205	0.01024	0.010282
732	0.010197	0.010202	0.01024	0.010282
733	0.010197	0.010202	0.010239	0.010281
734	0.010197	0.010202	0.010238	0.01028
735	0.010197	0.0102	0.010239	0.010281
736	0.010198	0.010199	0.010241	0.010282
737	0.010197	0.010198	0.010242	0.01028
738	0.010195	0.0102	0.010241	0.010279
739	0.010196	0.010199	0.010239	0.010278
740	0.010197	0.010199	0.010239	0.010278
741	0.010198	0.010199	0.010239	0.010278
742	0.010197	0.0102	0.010237	0.010278
743	0.010196	0.010201	0.010238	0.010278
744	0.010196	0.010203	0.010238	0.010277
745	0.010195	0.010203	0.010239	0.010278
746	0.010193	0.010202	0.010241	0.01028
747	0.010193	0.010202	0.010239	0.010282
748	0.010191	0.010206	0.010239	0.010283
749	0.010191	0.010207	0.010239	0.010283
750	0.010192	0.010207	0.010239	0.010283
751	0.010192	0.010205	0.010238	0.010283
752	0.010191	0.010205	0.010237	0.010284
753	0.010192	0.010206	0.010236	0.010282
754	0.010191	0.010207	0.010235	0.010282
755	0.010192	0.010205	0.010235	0.010284
756	0.010191	0.010206	0.010235	0.010282
757	0.010191	0.010205	0.010237	0.010281
758	0.010193	0.010206	0.010236	0.010282
759	0.010194	0.010206	0.010237	0.010283
760	0.010193	0.010207	0.010237	0.010282
761	0.010194	0.010206	0.010235	0.010282
762	0.010195	0.010205	0.010234	0.010284
763	0.010193	0.010205	0.010235	0.010282
764	0.010194	0.010204	0.010234	0.01028
765	0.010195	0.010205	0.010233	0.01028
766	0.010195	0.010207	0.010233	0.010279
767	0.010193	0.010206	0.010233	0.010279
768	0.010193	0.010205	0.010234	0.010277
769	0.010192	0.010205	0.010235	0.010277
770	0.010191	0.010204	0.010236	0.010277
771	0.01019	0.010203	0.010236	0.010277
772	0.010191	0.010204	0.010236	0.010277
773	0.010191	0.010204	0.010235	0.010277
774	0.010191	0.010203	0.010235	0.010277
775	0.01019	0.010203	0.010233	0.01028
776	0.01019	0.010201	0.010233	0.01028
777	0.010192	0.010201	0.010232	0.01028
778	0.010192	0.010201	0.010231	0.010279
779	0.010193	0.010199	0.010231	0.010279
780	0.010194	0.0102	0.010231	0.01028
781	0.010194	0.0102	0.010231	0.010279
782	0.010195	0.0102	0.010231	0.010279
783	0.010193	0.0102	0.010231	0.010281
784	0.010193	0.010199	0.010231	0.01028
785	0.010194	0.010199	0.010231	0.010279
786	0.010194	0.0102	0.010232	0.010281
787	0.010191	0.010201	0.010232	0.010281
788	0.010191	0.0102	0.010232	0.010281
789	0.010193	0.010202	0.010231	0.01028
790	0.010193	0.010202	0.01023	0.01028
791	0.010193	0.010201	0.01023	0.010278
792	0.010192	0.010202	0.01023	0.010278
793	0.010194	0.0102	0.010231	0.010279
794	0.010195	0.010202	0.01023	0.010279
795	0.010195	0.010201	0.01023	0.010278
796	0.010194	0.010203	0.010231	0.010278
797	0.010193	0.010203	0.01023	0.010279
798	0.010193	0.010203	0.010231	0.010279
799	0.010193	0.010203	0.010233	0.010279
800	0.010191	0.010201	0.010232	0.01028
801	0.010191	0.010201	0.010231	0.01028
802	0.010191	0.0102	0.010231	0.010279
803	0.01019	0.010201	0.010232	0.010278
804	0.010189	0.0102	0.01023	0.010277
805	0.01019	0.010202	0.01023	0.010277
806	0.010189	0.0102	0.010233	0.010277
807	0.010189	0.010201	0.010231	0.010278
808	0.01019	0.010201	0.010231	0.010276
809	0.010188	0.010199	0.010229	0.010275
810	0.010188	0.010199	0.01023	0.010274
811	0.01019	0.0102	0.01023	0.010274
812	0.010191	0.0102	0.010229	0.010275
813	0.01019	0.010199	0.010229	0.010277
814	0.010191	0.0102	0.01023	0.010277
815	0.01019	0.010202	0.01023	0.010277
816	0.010189	0.010202	0.010229	0.010276
817	0.010191	0.010202	0.01023	0.010275
818	0.01019	0.010203	0.01023	0.010275
819	0.010189	0.010204	0.01023	0.010274
820	0.01019	0.010205	0.010227	0.010275
821	0.010189	0.010205	0.010228	0.010277
822	0.010192	0.010204	0.010227	0.010277
823	0.010189	0.010204	0.010228	0.010276
824	0.010189	0.010203	0.010229	0.010277
825	0.010189	0.010203	0.010228	0.010277
826	0.01019	0.010203	0.01023	0.010276
827	0.01019	0.010202	0.010231	0.010277
828	0.01019	0.010203	0.010231	0.010277
829	0.01019	0.010203	0.01023	0.010277
830	0.010189	0.010203	0.01023	0.010276
831	0.010186	0.010204	0.01023	0.010276
832	0.010186	0.010204	0.010233	0.010274
833	0.010186	0.010204	0.010232	0.010275
834	0.010187	0.010202	0.010231	0.010275
835	0.010188	0.010202	0.010231	0.010277
836	0.010186	0.010202	0.01023	0.010275
837	0.010187	0.010201	0.010231	0.010276
838	0.010187	0.0102	0.01023	0.010276
839	0.010188	0.0102	0.010231	0.010276
840	0.010189	0.010197	0.01023	0.010276
841	0.01019	0.010197	0.01023	0.010276
842	0.010191	0.010198	0.01023	0.010277
843	0.010191	0.010197	0.010229	0.010277
844	0.01019	0.010198	0.010228	0.010278
845	0.01019	0.010198	0.010227	0.010279
846	0.01019	0.010199	0.010227	0.010279
847	0.01019	0.010198	0.010226	0.010278
848	0.01019	0.010199	0.010225	0.010279
849	0.01019	0.010199	0.010227	0.010279
850	0.010189	0.0102	0.010225	0.010278
851	0.010189	0.010199	0.010225	0.010277
852	0.010187	0.010198	0.010226	0.010276
853	0.010189	0.010198	0.010226	0.010276
854	0.01019	0.010199	0.010226	0.010273
855	0.010189	0.010199	0.010226	0.010273
856	0.010188	0.010199	0.010226	0.010272
857	0.010189	0.010199	0.010226	0.010273
858	0.010188	0.010198	0.010227	0.010274
859	0.010189	0.010198	0.010227	0.010273
860	0.010188	0.010197	0.010226	0.010274
861	0.010189	0.010198	0.010226	0.010274
862	0.010189	0.010198	0.010227	0.010274
863	0.01019	0.010197	0.010227	0.010275
864	0.01019	0.010196	0.010226	0.010274
865	0.010191	0.010196	0.010225	0.010275
866	0.010191	0.010193	0.010226	0.010274
867	0.010192	0.010193	0.010226	0.010273
868	0.010192	0.010192	0.010227	0.010275
869	0.010192	0.010195	0.010225	0.010275
870	0.010192	0.010195	0.010225	0.010275
871	0.010192	0.010194	0.010224	0.010275
872	0.010192	0.010194	0.010224	0.010274
873	0.010191	0.010195	0.010225	0.010273
874	0.01019	0.010196	0.010224	0.010272
875	0.01019	0.010197	0.010224	0.010275
876	0.010189	0.010198	0.010222	0.010275
877	0.01019	0.010196	0.010223	0.010275
878	0.01019	0.010197	0.010224	0.010273
879	0.01019	0.010196	0.010225	0.010273
880	0.010193	0.010195	0.010225	0.010273
881	0.010192	0.010195	0.010225	0.010275
882	0.01019	0.010194	0.010225	0.010274
883	0.010191	0.010194	0.010225	0.010273
884	0.01019	0.010194	0.010225	0.010275
885	0.010189	0.010194	0.010223	0.010274
886	0.010189	0.010194	0.010222	0.010273
887	0.010188	0.010194	0.010221	0.010274
888	0.01019	0.010194	0.010223	0.010273
889	0.010192	0.010196	0.010222	0.010273
890	0.010191	0.010195	0.010222	0.010274
891	0.010191	0.010195	0.010222	0.010274
892	0.010191	0.010195	0.010224	0.010275
893	0.010189	0.010196	0.010223	0.010273
894	0.010189	0.010194	0.010223	0.010272
895	0.010189	0.010196	0.010223	0.010273
896	0.010189	0.010195	0.010224	0.010273
897	0.010189	0.010195	0.010224	0.010273
898	0.010189	0.010194	0.010223	0.010274
899	0.010187	0.010194	0.010222	0.010273
900	0.010186	0.010194	0.010224	0.010272
901	0.010187	0.010193	0.010224	0.010273
902	0.010187	0.010192	0.010222	0.010273
903	0.010188	0.010192	0.010221	0.010272
904	0.010187	0.010193	0.010222	0.010273
905	0.010189	0.010196	0.010222	0.010272
906	0.010189	0.010195	0.010223	0.010273
907	0.010187	0.010196	0.010224	0.010271
908	0.010188	0.010199	0.010226	0.010271
909	0.010189	0.010199	0.010226	0.010271
910	0.010189	0.010198	0.010227	0.010271
911	0.01019	0.010196	0.010228	0.010271
912	0.01019	0.010197	0.010228	0.010271
913	0.010189	0.010196	0.010228	0.010271
914	0.01019	0.010196	0.010228	0.01027
915	0.010189	0.010197	0.010227	0.01027
916	0.010188	0.010197	0.010228	0.01027
917	0.010186	0.010196	0.010227	0.010272
918	0.010187	0.010195	0.010226	0.010272
919	0.010188	0.010195	0.010226	0.010271
920	0.010188	0.010196	0.010225	0.010271
921	0.010188	0.010196	0.010223	0.01027
922	0.010188	0.010198	0.010223	0.010269
923	0.010187	0.010196	0.010223	0.01027
924	0.010186	0.010195	0.010223	0.010271
925	0.010187	0.010194	0.010222	0.010269
926	0.010187	0.010193	0.010223	0.010268
927	0.010188	0.010192	0.010221	0.010269
928	0.010191	0.010193	0.010221	0.010269
929	0.01019	0.010194	0.010222	0.010269
930	0.010188	0.010195	0.010223	0.01027
931	0.010187	0.010195	0.010223	0.010269
932	0.010187	0.010195	0.010223	0.010269
933	0.010185	0.010195	0.010221	0.010268
934	0.010185	0.010196	0.010221	0.010269
935	0.010186	0.010195	0.010221	0.010269
936	0.010186	0.010195	0.010221	0.010268
937	0.010185	0.010194	0.010221	0.010269
938	0.010184	0.010195	0.01022	0.010269
939	0.010183	0.010195	0.010221	0.010269
940	0.010182	0.010194	0.010221	0.010268
941	0.010182	0.010194	0.010222	0.010268
942	0.010182	0.010195	0.010222	0.01027
943	0.010181	0.010194	0.010224	0.010269
944	0.010181	0.010194	0.010222	0.010269
945	0.010183	0.010192	0.010222	0.010268
946	0.010184	0.01019	0.010221	0.010269
947	0.010185	0.01019	0.01022	0.010269
948	0.010186	0.010189	0.01022	0.01027
949	0.010185	0.010191	0.01022	0.010269
950	0.010184	0.010192	0.010219	0.010269
951	0.010185	0.010189	0.01022	0.01027
952	0.010184	0.01019	0.01022	0.010271
953	0.010181	0.010191	0.010219	0.01027
954	0.010182	0.01019	0.010219	0.01027
955	0.010182	0.010191	0.01022	0.01027
956	0.010181	0.010193	0.010221	0.010271
957	0.01018	0.010193	0.010219	0.010272
958	0.010181	0.010192	0.010219	0.010273
959	0.010182	0.010193	0.010217	0.010271
960	0.010182	0.010192	0.010216	0.01027
961	0.010183	0.010193	0.010217	0.010271
962	0.010184	0.010193	0.010216	0.010272
963	0.010184	0.010193	0.010218	0.010272
964	0.010181	0.010193	0.010217	0.010272
965	0.010181	0.010193	0.010216	0.010272
966	0.010182	0.010194	0.010215	0.01027
967	0.010182	0.010195	0.010215	0.01027
968	0.010181	0.010194	0.010216	0.010271
969	0.010181	0.010193	0.010217	0.010271
970	0.010181	0.010194	0.010217	0.01027
971	0.010181	0.010194	0.010217	0.010271
972	0.010179	0.010193	0.010218	0.010269
973	0.01018	0.010191	0.010218	0.010269
974	0.010181	0.010192	0.010217	0.010266
975	0.010182	0.010193	0.010218	0.010267
976	0.010182	0.010194	0.010218	0.010266
977	0.010181	0.010194	0.010219	0.010266
978	0.01018	0.010193	0.010219	0.010268
979	0.01018	0.010193	0.01022	0.010267
980	0.010181	0.010191	0.01022	0.010266
981	0.010182	0.010191	0.010219	0.010266
982	0.010182	0.010192	0.010218	0.010266
983	0.010182	0.010193	0.010218	0.010265
984	0.010183	0.010193	0.010215	0.010266
985	0.010184	0.010194	0.010216	0.010264
986	0.010184	0.010194	0.010215	0.010264
987	0.010184	0.010196	0.010216	0.010263
988	0.010184	0.010195	0.010217	0.010262
989	0.010185	0.010194	0.010217	0.010262
990	0.010185	0.010193	0.010219	0.010262
991	0.010185	0.010193	0.010217	0.010262
992	0.010183	0.010191	0.010216	0.010263
993	0.010182	0.010189	0.010217	0.010263
994	0.010183	0.01019	0.010218	0.010264
995	0.010181	0.010191	0.010218	0.010264
996	0.010184	0.010192	0.010218	0.010265
997	0.010185	0.01019	0.010218	0.010266
998	0.010187	0.010191	0.010218	0.010264
999	0.010186	0.010192	0.010218	0.010265
1000	0.010188	0.010192	0.010216	0.010265
1001	0.010187	0.010192	0.010218	0.010262
1002	0.010187	0.010192	0.010216	0.010261
1003	0.010186	0.01019	0.010216	0.010261
1004	0.010185	0.010191	0.010215	0.01026
1005	0.010186	0.01019	0.010214	0.01026
1006	0.010186	0.010189	0.010215	0.010262
1007	0.010187	0.010189	0.010215	0.010265
1008	0.010186	0.010189	0.010214	0.010265
1009	0.010186	0.010189	0.010213	0.010263
1010	0.010187	0.010188	0.010212	0.010263
1011	0.010186	0.010187	0.010211	0.010262
1012	0.010187	0.010188	0.010211	0.010262
1013	0.010186	0.01019	0.010211	0.010265
1014	0.010187	0.01019	0.010213	0.010264
1015	0.010185	0.010189	0.010213	0.010264
1016	0.010185	0.010189	0.010213	0.010264
1017	0.010187	0.010188	0.010213	0.010265
1018	0.010185	0.010189	0.010213	0.010265
1019	0.010185	0.010191	0.010213	0.010263
1020	0.010185	0.01019	0.010214	0.010265
1021	0.010187	0.010192	0.010213	0.010264
1022	0.010187	0.010191	0.010215	0.010264
1023	0.010185	0.01019	0.010213	0.010264
1024	0.010185	0.01019	0.010215	0.010264
1025	0.010183	0.010192	0.010214	0.010263
1026	0.010183	0.010192	0.010214	0.010263
1027	0.010183	0.010192	0.010213	0.010263
1028	0.010183	0.010191	0.010214	0.010262
1029	0.010183	0.01019	0.010214	0.010262
1030	0.010182	0.010189	0.010214	0.010261
1031	0.010184	0.010189	0.010215	0.01026
1032	0.010183	0.01019	0.010212	0.01026
1033	0.010184	0.010191	0.010214	0.01026
1034	0.010185	0.010189	0.010212	0.010261
1035	0.010185	0.010189	0.010213	0.010262
1036	0.010184	0.01019	0.010212	0.010261
1037	0.010185	0.010189	0.010212	0.01026
1038	0.010183	0.01019	0.01021	0.010261
1039	0.010184	0.010188	0.01021	0.010262
1040	0.010184	0.010187	0.010208	0.010261
1041	0.010182	0.010187	0.01021	0.01026
1042	0.010183	0.010186	0.010208	0.010261
1043	0.010183	0.010187	0.010207	0.010262
1044	0.010183	0.010188	0.010208	0.010262
1045	0.010183	0.010187	0.010208	0.010262
1046	0.010184	0.010188	0.010209	0.010263
1047	0.010185	0.010188	0.010208	0.010261
1048	0.010183	0.010188	0.010208	0.010262
1049	0.010183	0.010189	0.010208	0.010262
1050	0.010185	0.010189	0.010209	0.010263
1051	0.010185	0.010189	0.01021	0.010262
1052	0.010184	0.010189	0.010209	0.010262
1053	0.010184	0.010189	0.01021	0.010261
1054	0.010183	0.010188	0.010209	0.010262
1055	0.010182	0.010188	0.010208	0.010261
1056	0.010182	0.010187	0.010207	0.010261
1057	0.010182	0.010188	0.010208	0.01026
1058	0.010182	0.010189	0.010208	0.01026
1059	0.01018	0.010189	0.010208	0.010262
1060	0.01018	0.010189	0.010207	0.010263
1061	0.010181	0.010189	0.010207	0.010262
1062	0.01018	0.01019	0.010208	0.010262
1063	0.010181	0.010191	0.01021	0.010262
1064	0.01018	0.010191	0.010209	0.010261
1065	0.010181	0.010194	0.010209	0.010259
1066	0.010181	0.010193	0.01021	0.010259
1067	0.010183	0.010193	0.010209	0.010259
1068	0.010183	0.010193	0.01021	0.010259
1069	0.010181	0.010194	0.010211	0.010259
1070	0.010182	0.010193	0.010211	0.010259
1071	0.010183	0.010191	0.01021	0.010257
1072	0.010181	0.010191	0.01021	0.010258
1073	0.010181	0.010191	0.010211	0.010257
1074	0.010182	0.01019	0.010212	0.01026
1075	0.010183	0.010189	0.010212	0.01026
1076	0.010182	0.010186	0.010211	0.010262
1077	0.010183	0.010187	0.010211	0.010262
1078	0.010182	0.010188	0.01021	0.010262
1079	0.01018	0.010187	0.01021	0.010262
1080	0.010181	0.010188	0.010209	0.010262
1081	0.01018	0.01019	0.01021	0.010262
1082	0.010177	0.010189	0.010208	0.010262
1083	0.010178	0.01019	0.010207	0.010262
1084	0.010179	0.010189	0.010208	0.01026
1085	0.010178	0.010191	0.010209	0.01026
1086	0.010178	0.010188	0.010207	0.010261
1087	0.010179	0.010187	0.010206	0.010263
1088	0.01018	0.010187	0.010206	0.010261
1089	0.01018	0.010188	0.010206	0.010261
1090	0.010181	0.01019	0.010206	0.010264
1091	0.010181	0.010192	0.010206	0.010263
1092	0.01018	0.010191	0.010205	0.010263
1093	0.010178	0.01019	0.010206	0.010263
1094	0.010178	0.010191	0.010206	0.010263
1095	0.010177	0.010193	0.010207	0.010262
1096	0.010179	0.010193	0.010206	0.010262
1097	0.010179	0.010192	0.010206	0.010261
1098	0.010178	0.010192	0.010208	0.01026
1099	0.010178	0.010191	0.010206	0.01026
1100	0.01018	0.010191	0.010207	0.010261
1101	0.010178	0.01019	0.010205	0.010261
1102	0.010178	0.01019	0.010207	0.010264
1103	0.01018	0.01019	0.010208	0.010263
1104	0.01018	0.010189	0.010208	0.010262
1105	0.010179	0.01019	0.010208	0.010262
1106	0.010178	0.010189	0.010207	0.01026
1107	0.010177	0.010188	0.010206	0.01026
1108	0.010177	0.010188	0.010209	0.01026
1109	0.010177	0.010188	0.010207	0.010261
1110	0.010178	0.010187	0.010206	0.010262
1111	0.010177	0.010186	0.010205	0.010261
1112	0.010178	0.010187	0.010205	0.01026
1113	0.010177	0.010188	0.010205	0.01026
1114	0.010176	0.010188	0.010205	0.01026
1115	0.010177	0.010188	0.010206	0.010261
1116	0.010178	0.010189	0.010207	0.01026
1117	0.010178	0.010188	0.010206	0.01026
1118	0.01018	0.010189	0.010206	0.01026
1119	0.010179	0.01019	0.010207	0.01026
1120	0.010179	0.010189	0.010207	0.010259
1121	0.010179	0.010189	0.010207	0.01026
1122	0.010178	0.01019	0.010209	0.01026
1123	0.010176	0.010189	0.010208	0.010259
1124	0.010174	0.010188	0.010208	0.010258
1125	0.010175	0.010188	0.010208	0.010258
1126	0.010175	0.010188	0.010209	0.010258
1127	0.010176	0.010187	0.010212	0.010258
1128	0.010174	0.010187	0.010211	0.010259
1129	0.010175	0.010189	0.010212	0.010259
1130	0.010175	0.010187	0.010211	0.010259
1131	0.010178	0.010188	0.01021	0.01026
1132	0.010178	0.010188	0.01021	0.010259
1133	0.010178	0.010188	0.010209	0.010258
1134	0.010178	0.010189	0.01021	0.010258
1135	0.010178	0.01019	0.010211	0.010259
1136	0.010176	0.010189	0.010209	0.010259
1137	0.010176	0.010191	0.010209	0.01026
1138	0.010177	0.01019	0.010208	0.010261
1139	0.010176	0.010189	0.01021	0.01026
1140	0.010177	0.01019	0.010208	0.010261
1141	0.010179	0.010191	0.010207	0.010261
1142	0.010179	0.010191	0.010207	0.010261
1143	0.01018	0.010191	0.010208	0.010259
1144	0.010179	0.01019	0.010208	0.010262
1145	0.01018	0.01019	0.010207	0.010262
1146	0.010181	0.010188	0.010206	0.010262
1147	0.010181	0.010189	0.010206	0.01026
1148	0.010179	0.010189	0.010206	0.010261
1149	0.010178	0.010191	0.010208	0.01026
1150	0.010176	0.010191	0.010208	0.010262
1151	0.010175	0.010192	0.010208	0.010261
1152	0.010175	0.010192	0.010206	0.010262
1153	0.010175	0.010191	0.010206	0.010261
1154	0.010176	0.010191	0.010205	0.01026
1155	0.010175	0.010193	0.010203	0.010261
1156	0.010175	0.010192	0.010202	0.010259
1157	0.010178	0.010192	0.010202	0.010259
1158	0.010178	0.010191	0.010201	0.010257
1159	0.010177	0.01019	0.010201	0.010258
1160	0.010176	0.010189	0.010202	0.010258
1161	0.010178	0.010188	0.010202	0.010259
1162	0.010176	0.010188	0.010202	0.010258
1163	0.010177	0.010188	0.010203	0.010257
1164	0.010177	0.010189	0.010204	0.010258
1165	0.010178	0.010189	0.010204	0.010257
1166	0.010177	0.010188	0.010203	0.010255
1167	0.010174	0.010188	0.010202	0.010256
1168	0.010175	0.010187	0.010204	0.010257
1169	0.010176	0.010187	0.010203	0.010256
1170	0.010177	0.010185	0.010204	0.010255
1171	0.010178	0.010186	0.010204	0.010255
1172	0.010178	0.010186	0.010205	0.010255
1173	0.010178	0.010186	0.010204	0.010254
1174	0.010177	0.010187	0.010205	0.010254
1175	0.010178	0.010186	0.010206	0.010256
1176	0.010176	0.010186	0.010207	0.010257
1177	0.010177	0.010187	0.010206	0.010257
1178	0.010176	0.010188	0.010208	0.010258
1179	0.010176	0.010188	0.010206	0.010258
1180	0.010175	0.010186	0.010205	0.010258
1181	0.010175	0.010186	0.010204	0.010258
1182	0.010174	0.010187	0.010205	0.010259
1183	0.010178	0.010187	0.010205	0.010258
1184	0.010178	0.010188	0.010206	0.010258
1185	0.010179	0.010189	0.010206	0.010257
1186	0.01018	0.010189	0.010207	0.010257
1187	0.01018	0.010189	0.010207	0.010255
1188	0.010181	0.010189	0.010206	0.010255
1189	0.010181	0.01019	0.010206	0.010256
1190	0.010182	0.01019	0.010206	0.010256
1191	0.010181	0.01019	0.010206	0.010255
1192	0.010181	0.010188	0.010206	0.010256
1193	0.010181	0.010188	0.010206	0.010255
1194	0.010182	0.010185	0.010205	0.010255
1195	0.010182	0.010186	0.010206	0.010255
1196	0.010182	0.010186	0.010205	0.010255
1197	0.010181	0.010186	0.010205	0.010254
1198	0.01018	0.010186	0.010204	0.010253
1199	0.010179	0.010188	0.010204	0.010252
1200	0.010181	0.010186	0.010203	0.010251
1201	0.010179	0.010187	0.010204	0.010252
1202	0.010179	0.010187	0.010204	0.010253
1203	0.010179	0.010187	0.010204	0.010252
1204	0.010179	0.010187	0.010204	0.010252
1205	0.010181	0.010187	0.010203	0.010251
1206	0.010181	0.010187	0.010205	0.010253
1207	0.010181	0.010187	0.010203	0.010252
1208	0.010178	0.010188	0.010204	0.010251
1209	0.010179	0.010188	0.010204	0.01025
1210	0.010179	0.010188	0.010204	0.010251
1211	0.010179	0.010189	0.010206	0.010248
1212	0.010178	0.010188	0.010205	0.010247
1213	0.010177	0.010188	0.010205	0.010247
1214	0.010178	0.010189	0.010203	0.010247
1215	0.010178	0.010189	0.010205	0.010248
1216	0.010177	0.010188	0.010206	0.010247
1217	0.010176	0.010189	0.010207	0.010247
1218	0.010176	0.010188	0.010205	0.010245
1219	0.010174	0.010189	0.010204	0.010247
1220	0.010174	0.010189	0.010204	0.010248
1221	0.010174	0.010189	0.010205	0.01025
1222	0.010176	0.010189	0.010207	0.01025
1223	0.010176	0.010189	0.01021	0.010251
1224	0.010178	0.01019	0.01021	0.01025
1225	0.010177	0.01019	0.010209	0.01025
1226	0.010178	0.010189	0.010208	0.010251
1227	0.010178	0.010187	0.010207	0.010249
1228	0.010178	0.010186	0.010209	0.010249
1229	0.010178	0.010187	0.010207	0.01025
1230	0.010177	0.010188	0.010207	0.010249
1231	0.010177	0.01019	0.010208	0.01025
1232	0.010178	0.01019	0.010208	0.01025
1233	0.010177	0.010188	0.010207	0.010249
1234	0.010178	0.010188	0.010208	0.010248
1235	0.010177	0.010187	0.010206	0.010249
1236	0.010178	0.010186	0.010206	0.010249
1237	0.010178	0.010188	0.010206	0.010248
1238	0.010177	0.010187	0.010207	0.010249
1239	0.010178	0.010187	0.010206	0.010247
1240	0.010178	0.010187	0.010207	0.010249
1241	0.010178	0.010187	0.010206	0.010249
1242	0.010178	0.010187	0.010204	0.010248
1243	0.010179	0.010187	0.010206	0.010248
1244	0.010178	0.010187	0.010205	0.010247
1245	0.010176	0.010185	0.010206	0.010249
1246	0.010176	0.010187	0.010205	0.01025
1247	0.010174	0.010186	0.010204	0.01025
1248	0.010174	0.010185	0.010201	0.01025
1249	0.010175	0.010187	0.010202	0.010249
1250	0.010174	0.010186	0.010202	0.010248
1251	0.010173	0.010186	0.010201	0.010248
1252	0.010173	0.010186	0.010203	0.010248
1253	0.010173	0.010186	0.010203	0.010247
1254	0.010173	0.010188	0.0102	0.010247
1255	0.010174	0.010188	0.010201	0.010246
1256	0.010175	0.010187	0.0102	0.010245
1257	0.010177	0.010188	0.010201	0.010245
1258	0.010176	0.010188	0.0102	0.010245
1259	0.010176	0.010188	0.010202	0.010245
1260	0.010176	0.010189	0.010201	0.010245
1261	0.010176	0.010187	0.010202	0.010245
1262	0.010176	0.010185	0.010201	0.010243
1263	0.010175	0.010185	0.010202	0.010244
1264	0.010178	0.010185	0.010203	0.010245
1265	0.010178	0.010186	0.010202	0.010244
1266	0.010177	0.010188	0.010204	0.010244
1267	0.010176	0.010189	0.010204	0.010246
1268	0.010174	0.010189	0.010203	0.010245
1269	0.010176	0.01019	0.010204	0.010246
1270	0.010175	0.010188	0.010204	0.010245
1271	0.010175	0.010189	0.010204	0.010244
1272	0.010175	0.01019	0.010204	0.010245
1273	0.010173	0.010188	0.010203	0.010245
1274	0.010174	0.010189	0.010204	0.010244
1275	0.010173	0.010188	0.010205	0.010245
1276	0.010172	0.010188	0.010206	0.010244
1277	0.010173	0.010185	0.010207	0.010246
1278	0.010172	0.010185	0.010206	0.010246
1279	0.010172	0.010185	0.010206	0.010244
1280	0.010171	0.010184	0.010206	0.010243
1281	0.010171	0.010185	0.010203	0.010244
1282	0.010172	0.010186	0.010203	0.010244
1283	0.010172	0.010184	0.010205	0.010245
1284	0.010173	0.010185	0.010205	0.010246
1285	0.010171	0.010186	0.010206	0.010246
1286	0.01017	0.010186	0.010206	0.010247
1287	0.01017	0.010187	0.010205	0.010246
1288	0.010169	0.010186	0.010202	0.010245
1289	0.010168	0.010184	0.010204	0.010246
1290	0.010168	0.010183	0.010203	0.010245
1291	0.010168	0.010184	0.010204	0.010246
1292	0.010168	0.010184	0.010204	0.010246
1293	0.010169	0.010184	0.010202	0.010247
1294	0.01017	0.010183	0.010203	0.010247
1295	0.010169	0.010182	0.010204	0.010247
1296	0.010168	0.01018	0.010205	0.010245
1297	0.010169	0.010182	0.010205	0.010245
1298	0.010169	0.01018	0.010205	0.010245
1299	0.01017	0.010182	0.010204	0.010245
1300	0.010173	0.010182	0.010205	0.010244
1301	0.010173	0.010183	0.010204	0.010243
1302	0.010173	0.010183	0.010204	0.010243
1303	0.010173	0.010185	0.010203	0.010243
1304	0.010174	0.010184	0.010202	0.010244
1305	0.010172	0.010184	0.010202	0.010243
1306	0.010173	0.010184	0.010201	0.010244
1307	0.010173	0.010185	0.0102	0.010244
1308	0.010174	0.010185	0.0102	0.010246
1309	0.010174	0.010184	0.010198	0.010248
1310	0.010175	0.010184	0.010199	0.010247
1311	0.010177	0.010183	0.010199	0.010245
1312	0.010176	0.010182	0.010198	0.010245
1313	0.010176	0.010183	0.010197	0.010245
1314	0.010175	0.010183	0.010199	0.010242
1315	0.010177	0.010183	0.0102	0.010242
1316	0.010177	0.010182	0.0102	0.010242
1317	0.010176	0.010183	0.0102	0.010242
1318	0.010175	0.010183	0.0102	0.010242
1319	0.010175	0.010182	0.0102	0.01024
1320	0.010176	0.010183	0.010199	0.010238
1321	0.010176	0.01018	0.010201	0.010238
1322	0.010177	0.01018	0.010202	0.01024
1323	0.010176	0.01018	0.010201	0.010241
1324	0.010174	0.01018	0.010201	0.01024
1325	0.010174	0.010181	0.0102	0.010239
1326	0.010175	0.010182	0.010201	0.01024
1327	0.010174	0.010181	0.010201	0.010242
1328	0.010174	0.010182	0.010201	0.010241
1329	0.010174	0.010185	0.010201	0.010241
1330	0.010175	0.010184	0.010202	0.010241
1331	0.010175	0.010186	0.010202	0.01024
1332	0.010175	0.010185	0.010201	0.01024
1333	0.010175	0.010184	0.0102	0.010241
1334	0.010175	0.010183	0.0102	0.010242
1335	0.010173	0.010182	0.0102	0.010243
1336	0.010173	0.010183	0.0102	0.010244
1337	0.010174	0.010182	0.0102	0.010244
1338	0.010173	0.010183	0.0102	0.010241
1339	0.010173	0.010183	0.010199	0.010242
1340	0.010174	0.010183	0.0102	0.010241
1341	0.010174	0.010181	0.010199	0.010241
1342	0.010173	0.010181	0.010198	0.01024
1343	0.010172	0.01018	0.010198	0.01024
1344	0.010172	0.010181	0.010199	0.010241
1345	0.010173	0.010179	0.010199	0.01024
1346	0.010175	0.010179	0.010202	0.010241
1347	0.010173	0.01018	0.0102	0.01024
1348	0.010173	0.010181	0.010201	0.010242
1349	0.010174	0.010181	0.010201	0.010243
1350	0.010174	0.010182	0.010201	0.010243
1351	0.010173	0.010181	0.0102	0.010244
1352	0.010173	0.010182	0.010201	0.010243
1353	0.010174	0.010182	0.0102	0.010245
1354	0.010172	0.010184	0.0102	0.010245
1355	0.01017	0.010184	0.010202	0.010245
1356	0.010169	0.010185	0.010204	0.010244
1357	0.010169	0.010185	0.010204	0.010244
1358	0.010169	0.010186	0.010206	0.010244
1359	0.010171	0.010185	0.010204	0.010244
1360	0.010172	0.010185	0.010203	0.010244
1361	0.010174	0.010186	0.010202	0.010244
1362	0.010174	0.010185	0.0102	0.010242
1363	0.010175	0.010184	0.0102	0.010243
1364	0.010175	0.010183	0.010201	0.010242
1365	0.010176	0.010184	0.010201	0.010241
1366	0.010174	0.010185	0.010202	0.010243
1367	0.010173	0.010187	0.010202	0.010242
1368	0.010173	0.010186	0.010204	0.010243
1369	0.010173	0.010185	0.010203	0.010243
1370	0.010172	0.010185	0.010203	0.010241
1371	0.010172	0.010186	0.010202	0.010241
1372	0.010173	0.010187	0.0102	0.010242
1373	0.010173	0.010186	0.010203	0.010241
1374	0.010172	0.010187	0.010202	0.010244
1375	0.010172	0.010187	0.010203	0.010244
1376	0.010173	0.010184	0.010204	0.010244
1377	0.010174	0.010185	0.010205	0.010243
1378	0.010174	0.010184	0.010206	0.010242
1379	0.010172	0.010185	0.010205	0.010245
1380	0.010172	0.010184	0.010204	0.010244
1381	0.010172	0.010183	0.010202	0.010243
1382	0.010171	0.010182	0.010203	0.010243
1383	0.010171	0.010183	0.010202	0.010241
1384	0.010172	0.010182	0.0102	0.010242
1385	0.010173	0.01018	0.010202	0.010243
1386	0.010173	0.010182	0.010201	0.010243
1387	0.010173	0.01018	0.010201	0.010242
1388	0.010175	0.01018	0.010203	0.010242
1389	0.010174	0.01018	0.010202	0.010243
1390	0.010175	0.01018	0.0102	0.010243
1391	0.010176	0.01018	0.010199	0.01024
1392	0.010176	0.010179	0.010198	0.010242
1393	0.010176	0.01018	0.010199	0.010244
1394	0.010175	0.010182	0.0102	0.010245
1395	0.010175	0.010182	0.010199	0.010243
1396	0.010174	0.010182	0.010198	0.010243
1397	0.010176	0.010182	0.010197	0.010245
1398	0.010175	0.010184	0.010198	0.010244
1399	0.010175	0.010184	0.010201	0.010245
1400	0.010176	0.010183	0.010201	0.010245
1401	0.010177	0.010182	0.0102	0.010246
1402	0.010176	0.010182	0.0102	0.010244
1403	0.010175	0.010182	0.010199	0.010243
1404	0.010175	0.010182	0.010201	0.010243
1405	0.010174	0.010181	0.0102	0.010243
1406	0.010175	0.010181	0.010198	0.010242
1407	0.010174	0.010183	0.0102	0.010242
1408	0.010171	0.010184	0.010201	0.010243
1409	0.010171	0.010183	0.010199	0.010242
1410	0.010171	0.010182	0.010199	0.010242
1411	0.010171	0.010183	0.0102	0.010241
1412	0.01017	0.010184	0.0102	0.010241
1413	0.01017	0.010183	0.010201	0.01024
1414	0.01017	0.010183	0.010199	0.010242
1415	0.01017	0.010184	0.010199	0.010242
1416	0.010171	0.010182	0.010199	0.010242
1417	0.01017	0.010183	0.010199	0.010241
1418	0.01017	0.010184	0.010198	0.010243
1419	0.01017	0.010184	0.010199	0.010243
1420	0.010171	0.010185	0.010198	0.010242
1421	0.01017	0.010184	0.010198	0.01024
1422	0.010171	0.010184	0.010198	0.010239
1423	0.010171	0.010183	0.010197	0.010237
1424	0.010171	0.010183	0.010198	0.010237
1425	0.010171	0.010182	0.010198	0.01024
1426	0.01017	0.010181	0.010198	0.010241
1427	0.010171	0.010181	0.010199	0.010244
1428	0.010172	0.010181	0.010198	0.010245
1429	0.010173	0.01018	0.010197	0.010245
1430	0.010171	0.010179	0.010197	0.010245
1431	0.010172	0.01018	0.010197	0.010245
1432	0.010171	0.010179	0.010196	0.010246
1433	0.010171	0.010179	0.010198	0.010246
1434	0.01017	0.010179	0.010197	0.010244
1435	0.01017	0.010179	0.010197	0.010244
1436	0.010171	0.010179	0.010199	0.010242
1437	0.010171	0.010179	0.010197	0.010241
1438	0.010173	0.010177	0.010196	0.010241
1439	0.010173	0.010176	0.010196	0.010241
1440	0.010172	0.010177	0.010198	0.010241
1441	0.010172	0.010179	0.010198	0.010242
1442	0.01017	0.010179	0.010197	0.010241
1443	0.010173	0.010178	0.010198	0.01024
1444	0.010174	0.010179	0.010197	0.01024
1445	0.010176	0.010178	0.010196	0.01024
1446	0.010176	0.010179	0.010197	0.010238
1447	0.010176	0.010181	0.010197	0.010237
1448	0.010174	0.010181	0.010197	0.010237
1449	0.010172	0.010181	0.010197	0.010238
1450	0.010173	0.010181	0.010197	0.01024
1451	0.01017	0.010181	0.010196	0.01024
1452	0.010169	0.010181	0.010195	0.010239
1453	0.010168	0.01018	0.010196	0.010238
1454	0.010169	0.010178	0.010195	0.010239
1455	0.01017	0.010181	0.010194	0.010239
1456	0.010172	0.010181	0.010195	0.010239
1457	0.010173	0.01018	0.010195	0.010238
1458	0.010175	0.010183	0.010197	0.010239
1459	0.010175	0.010184	0.010196	0.010238
1460	0.010176	0.010183	0.010197	0.010239
1461	0.010176	0.010184	0.010196	0.01024
1462	0.010175	0.010184	0.010197	0.010238
1463	0.010175	0.010185	0.010197	0.010237
1464	0.010175	0.010186	0.010199	0.010238
1465	0.010173	0.010186	0.010199	0.010237
1466	0.010173	0.010186	0.010199	0.010237
1467	0.010171	0.010187	0.010201	0.010238
1468	0.010171	0.010188	0.010201	0.010238
1469	0.010171	0.010189	0.010201	0.010238
1470	0.010171	0.010189	0.010201	0.010238
1471	0.01017	0.010188	0.0102	0.010236
1472	0.01017	0.010188	0.010203	0.010235
1473	0.010169	0.010186	0.010204	0.010237
1474	0.010169	0.010188	0.010202	0.010237
1475	0.01017	0.010187	0.010201	0.010236
1476	0.010171	0.010186	0.010201	0.010235
1477	0.010171	0.010187	0.010199	0.010236
1478	0.01017	0.010186	0.010198	0.010237
1479	0.010172	0.010187	0.010198	0.010238
1480	0.010171	0.010187	0.010198	0.010238
1481	0.010171	0.010187	0.0102	0.010239
1482	0.010171	0.010187	0.0102	0.010238
1483	0.010172	0.010188	0.010198	0.01024
1484	0.010173	0.010187	0.0102	0.010243
1485	0.010172	0.010186	0.0102	0.01024
1486	0.010172	0.010184	0.010203	0.010239
1487	0.01017	0.010186	0.010203	0.010238
1488	0.010169	0.010186	0.010202	0.010238
1489	0.010169	0.010186	0.010202	0.010241
1490	0.010169	0.010184	0.0102	0.010239
1491	0.010169	0.010184	0.010198	0.010238
1492	0.01017	0.010182	0.010197	0.010238
1493	0.010169	0.010182	0.010197	0.010236
1494	0.010169	0.010182	0.010197	0.010237
1495	0.010171	0.010183	0.010197	0.010237
1496	0.010169	0.010182	0.010199	0.010235
1497	0.010169	0.010181	0.010199	0.010235
1498	0.010169	0.010181	0.0102	0.010235
1499	0.010168	0.010183	0.010201	0.010236
1500	0.01017	0.010183	0.010203	0.010234
1501	0.010171	0.010182	0.010201	0.010233
1502	0.010171	0.010182	0.0102	0.010233
1503	0.01017	0.010181	0.010199	0.010232
1504	0.01017	0.010183	0.010198	0.010231
1505	0.01017	0.010182	0.010198	0.010233
1506	0.01017	0.010184	0.010198	0.010233
1507	0.01017	0.010183	0.010197	0.010234
1508	0.01017	0.010183	0.010197	0.010233
1509	0.010169	0.010182	0.010197	0.010234
1510	0.01017	0.010181	0.010197	0.010236
1511	0.01017	0.010183	0.010199	0.010235
1512	0.010172	0.010183	0.010199	0.010236
1513	0.010173	0.010183	0.010201	0.010235
1514	0.010174	0.010183	0.0102	0.010236
1515	0.010173	0.010183	0.0102	0.010236
1516	0.010172	0.010183	0.010199	0.010237
1517	0.010171	0.010184	0.010199	0.010237
1518	0.010171	0.010183	0.0102	0.010238
1519	0.010172	0.010184	0.010199	0.010237
1520	0.010172	0.010182	0.010198	0.010238
1521	0.010173	0.010183	0.010198	0.010239
1522	0.010174	0.010181	0.010198	0.010238
1523	0.010172	0.010181	0.010198	0.010237
1524	0.010171	0.010181	0.010198	0.010237
1525	0.01017	0.01018	0.010194	0.010237
1526	0.010171	0.010179	0.010194	0.010236
1527	0.010172	0.010179	0.010193	0.010238
1528	0.010171	0.010178	0.010192	0.010239
1529	0.010171	0.01018	0.010194	0.010238
1530	0.010171	0.01018	0.010195	0.010237
1531	0.010171	0.010181	0.010196	0.010235
1532	0.01017	0.01018	0.010195	0.010235
1533	0.010171	0.01018	0.010195	0.010235
1534	0.01017	0.010178	0.010195	0.010236
1535	0.010169	0.010179	0.010195	0.010234
1536	0.010169	0.010177	0.010195	0.010237
1537	0.010168	0.010177	0.010195	0.010237
1538	0.010168	0.010177	0.010194	0.010235
1539	0.010167	0.010177	0.010196	0.010233
1540	0.010168	0.010177	0.010197	0.010235
1541	0.01017	0.010178	0.010198	0.010237
1542	0.01017	0.010177	0.010197	0.010237
1543	0.010169	0.010177	0.010196	0.010237
1544	0.010168	0.010179	0.010194	0.010237
1545	0.010168	0.010181	0.010195	0.010239
1546	0.010168	0.010181	0.010196	0.010239
1547	0.010166	0.01018	0.010195	0.010242
1548	0.010166	0.01018	0.010193	0.010241
1549	0.010165	0.01018	0.010193	0.010239
1550	0.010165	0.010182	0.010194	0.01024
1551	0.010167	0.010183	0.010193	0.010239
1552	0.010167	0.010182	0.010194	0.010239
1553	0.010168	0.010183	0.010195	0.010238
1554	0.010168	0.010184	0.010194	0.010236
1555	0.010168	0.010182	0.010195	0.010236
1556	0.010167	0.010183	0.010194	0.010238
1557	0.010165	0.010183	0.010195	0.010237
1558	0.010166	0.010181	0.010195	0.010238
1559	0.010166	0.01018	0.010195	0.010237
1560	0.010165	0.010181	0.010195	0.010237
1561	0.010165	0.010181	0.010194	0.010237
1562	0.010166	0.01018	0.010194	0.010238
1563	0.010167	0.01018	0.010193	0.010237
1564	0.010168	0.01018	0.010193	0.010237
1565	0.010169	0.01018	0.010194	0.010238
1566	0.010167	0.010178	0.010193	0.010238
1567	0.010167	0.010179	0.010193	0.010238
1568	0.010168	0.010179	0.010194	0.010238
1569	0.010168	0.010179	0.010194	0.010237
1570	0.010169	0.01018	0.010195	0.010237
1571	0.01017	0.01018	0.010196	0.010237
1572	0.01017	0.010179	0.010196	0.010238
1573	0.010169	0.010181	0.010195	0.010238
1574	0.010168	0.010181	0.010195	0.010238
1575	0.010168	0.010181	0.010195	0.010237
1576	0.010168	0.010179	0.010196	0.010236
1577	0.010168	0.010179	0.010196	0.010237
1578	0.010168	0.010178	0.010197	0.010236
1579	0.010167	0.010175	0.010197	0.010236
1580	0.010166	0.010175	0.010198	0.010236
1581	0.010166	0.010175	0.010198	0.010237
1582	0.010169	0.010174	0.010196	0.010235
1583	0.01017	0.010176	0.010194	0.010235
1584	0.010169	0.010175	0.010193	0.010235
1585	0.010168	0.010174	0.010192	0.010235
1586	0.010167	0.010173	0.010191	0.010235
1587	0.010167	0.010175	0.010192	0.010235
1588	0.010166	0.010175	0.010193	0.010235
1589	0.010166	0.010178	0.010195	0.010235
1590	0.010166	0.010181	0.010196	0.010236
1591	0.010164	0.01018	0.010195	0.010237
1592	0.010166	0.01018	0.010193	0.010235
1593	0.010166	0.01018	0.010193	0.010235
1594	0.010168	0.010181	0.010191	0.010235
1595	0.010167	0.01018	0.010192	0.010234
1596	0.010168	0.010181	0.010191	0.010234
1597	0.010169	0.01018	0.01019	0.010233
1598	0.010168	0.010178	0.010191	0.010234
1599	0.010167	0.010179	0.010193	0.010237
1600	0.010167	0.010178	0.010191	0.010237
1601	0.010167	0.010178	0.010191	0.010235
1602	0.010166	0.010177	0.010192	0.010235
1603	0.010166	0.010179	0.010192	0.010235
1604	0.010165	0.010181	0.01019	0.010236
1605	0.010166	0.010179	0.01019	0.010236
1606	0.010165	0.010177	0.010192	0.010236
1607	0.010165	0.010177	0.010193	0.010237
1608	0.010165	0.010176	0.010192	0.010238
1609	0.010165	0.010178	0.010192	0.010238
1610	0.010165	0.010177	0.010192	0.010239
1611	0.010166	0.010176	0.010191	0.010238
1612	0.010167	0.010177	0.010191	0.010237
1613	0.010166	0.010177	0.010191	0.010236
1614	0.010168	0.010178	0.01019	0.010235
1615	0.010167	0.010177	0.01019	0.010235
1616	0.01017	0.010178	0.010191	0.010236
1617	0.01017	0.010176	0.01019	0.010236
1618	0.010172	0.010176	0.01019	0.010236
1619	0.010171	0.010176	0.010189	0.010235
1620	0.010172	0.010176	0.01019	0.010234
1621	0.01017	0.010175	0.010189	0.010233
1622	0.010171	0.010175	0.010189	0.010234
1623	0.010172	0.010174	0.01019	0.010234
1624	0.010172	0.010175	0.01019	0.010234
1625	0.010173	0.010175	0.01019	0.010235
1626	0.010173	0.010175	0.010189	0.010236
1627	0.010173	0.010173	0.010189	0.010237
1628	0.010171	0.010174	0.010189	0.010235
1629	0.010171	0.010175	0.010188	0.010236
1630	0.010171	0.010174	0.010188	0.010238
1631	0.01017	0.010173	0.010189	0.010238
1632	0.01017	0.010173	0.010189	0.010238
1633	0.01017	0.010173	0.010191	0.010237
1634	0.010169	0.010174	0.010192	0.010236
1635	0.01017	0.010172	0.010191	0.010237
1636	0.010169	0.010172	0.010192	0.010238
1637	0.010167	0.010171	0.010192	0.010237
1638	0.010168	0.010171	0.010192	0.010238
1639	0.010167	0.01017	0.010193	0.010238
1640	0.010168	0.010172	0.010192	0.010238
1641	0.010165	0.010173	0.010192	0.010237
1642	0.010165	0.010174	0.010191	0.010237
1643	0.010165	0.010173	0.010191	0.010237
1644	0.010166	0.010173	0.010191	0.010235
1645	0.010166	0.010174	0.010192	0.010234
1646	0.010165	0.010174	0.010192	0.010235
1647	0.010166	0.010175	0.010193	0.010235
1648	0.010166	0.010175	0.010192	0.010234
1649	0.010167	0.010174	0.010192	0.010233
1650	0.010169	0.010176	0.010194	0.010233
1651	0.01017	0.010174	0.010194	0.010235
1652	0.01017	0.010173	0.010195	0.010234
1653	0.01017	0.010173	0.010196	0.010235
1654	0.010169	0.010172	0.010197	0.010234
1655	0.01017	0.010172	0.010197	0.010235
1656	0.01017	0.010172	0.010196	0.010234
1657	0.010171	0.010174	0.010196	0.010234
1658	0.010169	0.010173	0.010194	0.010234
1659	0.010169	0.010173	0.010194	0.010233
1660	0.010168	0.010173	0.010194	0.010231
1661	0.010168	0.010173	0.010194	0.010231
1662	0.010168	0.010174	0.010195	0.010231
1663	0.010165	0.010173	0.010193	0.01023
1664	0.010165	0.010173	0.010191	0.010231
1665	0.010166	0.010174	0.01019	0.010232
1666	0.010165	0.010174	0.010191	0.010233
1667	0.010166	0.010174	0.010192	0.010234
1668	0.010164	0.010174	0.010191	0.010235
1669	0.010165	0.010172	0.01019	0.010236
1670	0.010166	0.010172	0.010189	0.010235
1671	0.010167	0.010171	0.010189	0.010236
1672	0.010167	0.010172	0.010188	0.010235
1673	0.010167	0.010172	0.010188	0.010235
1674	0.010166	0.010172	0.01019	0.010235
1675	0.010166	0.01017	0.010189	0.010234
1676	0.010165	0.01017	0.010189	0.010232
1677	0.010165	0.010171	0.01019	0.010233
1678	0.010164	0.010171	0.010192	0.010232
1679	0.010165	0.010171	0.010193	0.010232
1680	0.010164	0.010173	0.010191	0.010233
1681	0.010165	0.010172	0.010191	0.010232
1682	0.010166	0.010172	0.010191	0.010231
1683	0.010167	0.010171	0.010191	0.010233
1684	0.010168	0.010171	0.010191	0.010234
1685	0.010167	0.010171	0.010191	0.010232
1686	0.010167	0.01017	0.01019	0.010231
1687	0.010166	0.01017	0.010191	0.010231
1688	0.010166	0.010173	0.010191	0.01023
1689	0.010165	0.010173	0.010191	0.01023
1690	0.010166	0.010171	0.010191	0.01023
1691	0.010165	0.010171	0.010188	0.010233
1692	0.010165	0.010171	0.010188	0.010235
1693	0.010165	0.01017	0.010188	0.010234
1694	0.010166	0.010171	0.01019	0.010235
1695	0.010165	0.010171	0.010191	0.010233
1696	0.010164	0.01017	0.01019	0.010234
1697	0.010163	0.010169	0.01019	0.010233
1698	0.010163	0.010169	0.010189	0.010234
1699	0.010165	0.010169	0.010189	0.010234
1700	0.010165	0.010169	0.010189	0.010235
1701	0.010166	0.010169	0.010189	0.010235
1702	0.010166	0.01017	0.010188	0.010237
1703	0.010166	0.010171	0.010189	0.010235
1704	0.010166	0.010169	0.01019	0.010233
1705	0.010165	0.01017	0.010189	0.010231
1706	0.010162	0.01017	0.010189	0.01023
1707	0.010162	0.010169	0.010189	0.01023
1708	0.010162	0.01017	0.010188	0.010232
1709	0.010161	0.01017	0.010191	0.010233
1710	0.010161	0.010169	0.01019	0.010234
1711	0.010162	0.010169	0.010191	0.010233
1712	0.010162	0.01017	0.01019	0.010233
1713	0.010162	0.010169	0.01019	0.010233
1714	0.010163	0.010171	0.010193	0.010234
1715	0.010164	0.010171	0.010193	0.010233
1716	0.010162	0.010171	0.010195	0.010232
1717	0.010162	0.010171	0.010194	0.010232
1718	0.010163	0.010171	0.010194	0.010232
1719	0.010163	0.01017	0.010193	0.010231
1720	0.010164	0.01017	0.010193	0.010231
1721	0.010164	0.010172	0.010192	0.010231
1722	0.010164	0.010173	0.010191	0.010232
1723	0.010163	0.010173	0.01019	0.010233
1724	0.010165	0.010173	0.010191	0.010233
1725	0.010165	0.010174	0.010191	0.010235
1726	0.010163	0.010175	0.010189	0.010233
1727	0.010163	0.010175	0.010189	0.010235
1728	0.010163	0.010175	0.010189	0.010233
1729	0.010165	0.010173	0.01019	0.010232
1730	0.010165	0.010174	0.010191	0.010233
1731	0.010165	0.010175	0.01019	0.010233
1732	0.010164	0.010175	0.01019	0.010233
1733	0.010165	0.010175	0.010191	0.010233
1734	0.010165	0.010173	0.010192	0.010231
1735	0.010168	0.010175	0.010192	0.01023
1736	0.010167	0.010175	0.01019	0.010232
1737	0.010168	0.010175	0.010191	0.010232
1738	0.010166	0.010174	0.010191	0.010233
1739	0.010166	0.010174	0.01019	0.010233
1740	0.010168	0.010175	0.010187	0.010232
1741	0.010168	0.010175	0.010187	0.010232
1742	0.010169	0.010175	0.010186	0.010233
1743	0.010169	0.010176	0.010187	0.010235
1744	0.010169	0.010175	0.010187	0.010235
1745	0.010168	0.010175	0.010189	0.010234
1746	0.010167	0.010176	0.010189	0.010234
1747	0.010169	0.010177	0.01019	0.010233
1748	0.010169	0.010178	0.010191	0.010232
1749	0.01017	0.010178	0.010191	0.01023
1750	0.010171	0.010178	0.01019	0.010231
1751	0.01017	0.010177	0.010189	0.010232
1752	0.010168	0.010177	0.01019	0.010232
1753	0.010168	0.010178	0.01019	0.010232
1754	0.010169	0.010175	0.010189	0.010232
1755	0.010168	0.010176	0.01019	0.010234
1756	0.010169	0.010177	0.010191	0.010232
1757	0.010169	0.010177	0.01019	0.010232
1758	0.010168	0.010175	0.010188	0.010232
1759	0.010168	0.010174	0.010188	0.010232
1760	0.010168	0.010174	0.010189	0.010235
1761	0.010168	0.010175	0.010188	0.010232
1762	0.010168	0.010177	0.010189	0.010233
1763	0.010167	0.010177	0.010187	0.010232
1764	0.010167	0.010177	0.010187	0.010232
1765	0.010167	0.010174	0.010186	0.010232
1766	0.010166	0.010174	0.010186	0.010231
1767	0.010167	0.010174	0.010186	0.010231
1768	0.010169	0.010173	0.010184	0.01023
1769	0.010167	0.010171	0.010186	0.010231
1770	0.010169	0.010171	0.010187	0.010231
1771	0.010167	0.010171	0.010187	0.01023
1772	0.010168	0.01017	0.010186	0.01023
1773	0.010168	0.010171	0.010186	0.010229
1774	0.010167	0.010173	0.010186	0.010228
1775	0.010165	0.010173	0.010188	0.010227
1776	0.010164	0.010172	0.010186	0.010228
1777	0.010165	0.010171	0.010186	0.010228
1778	0.010167	0.01017	0.010187	0.010227
1779	0.010167	0.01017	0.010187	0.010228
1780	0.010166	0.01017	0.010187	0.010229
1781	0.010166	0.010169	0.010189	0.010228
1782	0.010166	0.010169	0.01019	0.010229
1783	0.010167	0.010168	0.010191	0.010231
1784	0.010167	0.010168	0.010192	0.010231
1785	0.010169	0.010168	0.01019	0.010231
1786	0.010167	0.010168	0.010192	0.01023
1787	0.010168	0.010169	0.010191	0.010229
1788	0.01017	0.010169	0.010191	0.010229
1789	0.01017	0.010169	0.010191	0.010228
1790	0.010169	0.010169	0.010192	0.010227
1791	0.010168	0.01017	0.010191	0.010228
1792	0.010169	0.01017	0.010189	0.010227
1793	0.010167	0.01017	0.010187	0.010227
1794	0.010166	0.010169	0.010187	0.010228
1795	0.010164	0.010171	0.01019	0.010228
1796	0.010164	0.010171	0.010189	0.010225
1797	0.010163	0.010172	0.01019	0.010225
1798	0.010164	0.010172	0.01019	0.010224
1799	0.010166	0.010171	0.01019	0.010226
1800	0.010165	0.010173	0.01019	0.010227
1801	0.010165	0.010172	0.010188	0.010228
1802	0.010164	0.010172	0.010187	0.010229
1803	0.010163	0.010175	0.010188	0.010229
1804	0.010163	0.010175	0.010187	0.010231
1805	0.010163	0.010174	0.010189	0.01023
1806	0.010165	0.010175	0.010188	0.010232
1807	0.010167	0.010174	0.010188	0.010231
1808	0.010165	0.010174	0.010188	0.010231
1809	0.010165	0.010174	0.010189	0.010229
1810	0.010165	0.010173	0.010188	0.010229
1811	0.010165	0.010171	0.010189	0.01023
1812	0.010164	0.010171	0.010189	0.01023
1813	0.010165	0.010169	0.010188	0.010228
1814	0.010164	0.01017	0.010188	0.010229
1815	0.010162	0.010169	0.010188	0.010229
1816	0.010164	0.01017	0.010186	0.010231
1817	0.010165	0.010171	0.010186	0.010231
1818	0.010165	0.010171	0.010184	0.010232
1819	0.010165	0.010173	0.010183	0.010233
1820	0.010165	0.010172	0.010184	0.010231
1821	0.010166	0.010174	0.010184	0.010233
1822	0.010167	0.010174	0.010182	0.010233
1823	0.010165	0.010173	0.010182	0.010232
1824	0.010163	0.010173	0.010183	0.01023
1825	0.010164	0.01017	0.010182	0.01023
1826	0.010165	0.01017	0.010183	0.010229
1827	0.010164	0.01017	0.010186	0.01023
1828	0.010165	0.01017	0.010186	0.010229
1829	0.010166	0.010169	0.010185	0.010229
1830	0.010165	0.01017	0.010184	0.010228
1831	0.010165	0.010169	0.010185	0.010228
1832	0.010164	0.010168	0.010188	0.010227
1833	0.010162	0.010169	0.010189	0.010226
1834	0.010161	0.010168	0.010191	0.010228
1835	0.010159	0.010169	0.010189	0.010229
1836	0.010159	0.010172	0.01019	0.010229
1837	0.010159	0.010173	0.01019	0.010231
1838	0.01016	0.010173	0.010191	0.01023
1839	0.010159	0.010174	0.010191	0.010231
1840	0.01016	0.010173	0.01019	0.010231
1841	0.010161	0.010173	0.01019	0.010232
1842	0.010161	0.010175	0.010189	0.010232
1843	0.010163	0.010173	0.010188	0.010232
1844	0.01016	0.010172	0.010188	0.01023
1845	0.01016	0.010172	0.010187	0.01023
1846	0.010162	0.010172	0.010186	0.01023
1847	0.010162	0.010171	0.010186	0.010229
1848	0.010165	0.010172	0.010188	0.01023
1849	0.010164	0.010172	0.010189	0.010229
1850	0.010163	0.010172	0.01019	0.010228
1851	0.010164	0.010171	0.01019	0.010228
1852	0.010166	0.010174	0.010188	0.010228
1853	0.010164	0.010173	0.010186	0.010229
1854	0.010164	0.010173	0.010186	0.010227
1855	0.010162	0.010171	0.010186	0.010226
1856	0.010163	0.010174	0.010186	0.010227
1857	0.010162	0.010172	0.010187	0.010226
1858	0.010162	0.01017	0.010186	0.010228
1859	0.010162	0.01017	0.010185	0.010228
1860	0.010162	0.010169	0.010186	0.010228
1861	0.010165	0.01017	0.010187	0.010229
1862	0.010164	0.01017	0.010189	0.010228
1863	0.010163	0.01017	0.010189	0.010227
1864	0.010164	0.01017	0.010189	0.010227
1865	0.010164	0.010172	0.01019	0.010227
1866	0.010162	0.010171	0.010189	0.010227
1867	0.01016	0.01017	0.010189	0.010226
1868	0.010161	0.01017	0.010189	0.010228
1869	0.010163	0.01017	0.010187	0.010227
1870	0.010162	0.01017	0.010188	0.010228
1871	0.010161	0.010172	0.010188	0.010228
1872	0.010161	0.010172	0.010188	0.010228
1873	0.010164	0.010171	0.01019	0.010229
1874	0.010162	0.01017	0.010191	0.01023
1875	0.010162	0.010169	0.010192	0.01023
1876	0.010162	0.010169	0.010194	0.01023
1877	0.010162	0.01017	0.010194	0.01023
1878	0.010161	0.010171	0.010195	0.01023
1879	0.010163	0.010172	0.010194	0.010227
1880	0.010164	0.010172	0.010192	0.010227
1881	0.010165	0.010172	0.010193	0.010224
1882	0.010164	0.010173	0.010192	0.010225
1883	0.010162	0.010171	0.010193	0.010225
1884	0.010162	0.010171	0.010192	0.010226
1885	0.010162	0.010171	0.010191	0.010227
1886	0.010163	0.010172	0.010191	0.010229
1887	0.010163	0.010173	0.010191	0.010228
1888	0.010163	0.010173	0.01019	0.010227
1889	0.010164	0.010171	0.010191	0.010227
1890	0.010164	0.010172	0.010192	0.010229
1891	0.010163	0.010171	0.010191	0.01023
1892	0.010164	0.010172	0.01019	0.010229
1893	0.010166	0.01017	0.010189	0.010229
1894	0.010164	0.010172	0.01019	0.010228
1895	0.010164	0.010172	0.010189	0.010229
1896	0.010163	0.010171	0.01019	0.010229
1897	0.010164	0.010172	0.010191	0.01023
1898	0.010163	0.010172	0.01019	0.010229
1899	0.010163	0.01017	0.010191	0.010229
1900	0.010162	0.01017	0.01019	0.010228
1901	0.010162	0.010171	0.01019	0.010229
1902	0.010161	0.010171	0.010189	0.01023
1903	0.010162	0.010172	0.010188	0.01023
1904	0.010163	0.010169	0.010187	0.010229
1905	0.010164	0.010168	0.010186	0.010228
1906	0.010166	0.010167	0.010187	0.010229
1907	0.010165	0.010169	0.010187	0.010229
1908	0.010165	0.010169	0.010189	0.010228
1909	0.010164	0.01017	0.010187	0.010229
1910	0.010166	0.01017	0.010186	0.010229
1911	0.010165	0.010172	0.010188	0.01023
1912	0.010165	0.010172	0.010189	0.01023
1913	0.010165	0.010171	0.010189	0.01023
1914	0.010164	0.010172	0.010188	0.01023
1915	0.010164	0.010171	0.010188	0.010229
1916	0.010163	0.010173	0.010187	0.010229
1917	0.010162	0.010174	0.010187	0.010229
1918	0.010162	0.010174	0.010186	0.010227
1919	0.010161	0.010173	0.010187	0.010226
1920	0.010159	0.010175	0.010186	0.010227
1921	0.01016	0.010175	0.010184	0.010227
1922	0.010161	0.010174	0.010184	0.010228
1923	0.010161	0.010174	0.010186	0.010227
1924	0.010159	0.010175	0.010186	0.010226
1925	0.010159	0.010174	0.010186	0.010226
1926	0.010159	0.010174	0.010186	0.010227
1927	0.01016	0.010174	0.010184	0.01023
1928	0.01016	0.010173	0.010185	0.01023
1929	0.01016	0.01017	0.010186	0.010231
1930	0.010161	0.01017	0.010188	0.010229
1931	0.010163	0.010169	0.01019	0.010228
1932	0.010164	0.010169	0.010188	0.010226
1933	0.010165	0.010171	0.010188	0.010225
1934	0.010164	0.010169	0.010188	0.010226
1935	0.010165	0.010169	0.010186	0.010227
1936	0.010165	0.010168	0.010186	0.010227
1937	0.010164	0.010168	0.010189	0.010226
1938	0.010165	0.010168	0.010188	0.010226
1939	0.010164	0.010168	0.010187	0.010225
1940	0.010166	0.010169	0.010187	0.010224
1941	0.010163	0.010168	0.010188	0.010224
1942	0.010164	0.010169	0.010188	0.010223
1943	0.010163	0.010169	0.010188	0.010223
1944	0.010163	0.010169	0.010188	0.010223
1945	0.010164	0.010168	0.010186	0.010224
1946	0.010164	0.010168	0.010186	0.010226
1947	0.010163	0.010169	0.010186	0.010227
1948	0.010163	0.01017	0.010187	0.010229
1949	0.010164	0.010169	0.010187	0.010228
1950	0.010164	0.01017	0.010187	0.010227
1951	0.010164	0.010171	0.010186	0.010226
1952	0.010162	0.010172	0.010185	0.010226
1953	0.010163	0.010169	0.010187	0.010227
1954	0.010161	0.01017	0.010186	0.010226
1955	0.010163	0.010171	0.010186	0.010225
1956	0.010164	0.010169	0.010187	0.010225
1957	0.010166	0.010168	0.010186	0.010225
1958	0.010165	0.010167	0.010184	0.010224
1959	0.010164	0.010168	0.010185	0.010226
1960	0.010162	0.010168	0.010185	0.010227
1961	0.010164	0.010166	0.010186	0.010228
1962	0.010166	0.010165	0.010186	0.010226
1963	0.010165	0.010166	0.010184	0.010227
1964	0.010164	0.010166	0.010185	0.010226
1965	0.010165	0.010166	0.010184	0.010226
1966	0.010164	0.010166	0.010185	0.010227
1967	0.010163	0.010165	0.010186	0.010229
1968	0.010162	0.010166	0.010187	0.010228
1969	0.010163	0.010166	0.010186	0.010228
1970	0.010164	0.010165	0.010185	0.010228
1971	0.010164	0.010166	0.010185	0.010227
1972	0.010163	0.010165	0.010187	0.010227
1973	0.010161	0.010165	0.010187	0.010228
1974	0.010163	0.010165	0.010186	0.010226
1975	0.010165	0.010165	0.010184	0.010227
1976	0.010165	0.010166	0.010184	0.010226
1977	0.010166	0.010167	0.010185	0.010226
1978	0.010165	0.010166	0.010185	0.010225
1979	0.010164	0.010165	0.010187	0.010227
1980	0.010162	0.010167	0.010185	0.010226
1981	0.010161	0.010169	0.010185	0.010227
1982	0.010161	0.010169	0.010185	0.010225
1983	0.010162	0.01017	0.010188	0.010224
1984	0.010161	0.01017	0.010188	0.010223
1985	0.01016	0.01017	0.01019	0.010224
1986	0.01016	0.010168	0.010189	0.010225
1987	0.010162	0.010169	0.010189	0.010226
1988	0.01016	0.010166	0.010187	0.010227
1989	0.010161	0.010168	0.010188	0.010228
1990	0.010163	0.010167	0.010187	0.010229
1991	0.010164	0.010168	0.010185	0.01023
1992	0.010165	0.010168	0.010186	0.010228
1993	0.010165	0.010169	0.010186	0.010227
1994	0.010165	0.01017	0.010187	0.010229
1995	0.010165	0.010169	0.010189	0.01023
1996	0.010165	0.010169	0.01019	0.01023
1997	0.010167	0.010169	0.010189	0.010231
1998	0.010165	0.010168	0.010189	0.010228
1999	0.010166	0.010167	0.010187	0.010228
2000	0.010167	0.010168	0.010188	0.010228
